0.04840052 -0.60431296
-2.90377556 -1.76762122
0.76034237 -1.21721296
1.67203342 0.70845064
-0.61444797 -0.58320379
-0.36446714 -1.76525833
-0.68420145 -0.57988319
-0.8329229 -1.08135571
1.33114952 0.23364018
-0.54764756 -1.09209964
0.71777614 1.85571155
1.12972637 -0.53907735
0.2311082 -0.5171954
-1.97284671 -2.36757499
0.99044556 -1.06884184
1.91606813 0.98194101
1.4257095 1.78047363
-2.14908777 -1.62301789
-1.70881015 -0.82851036
-1.05764055 -1.33573611
-1.45693301 -2.02125851
1.35162977 0.3964131
1.24945648 1.49460122
1.78454003 -0.29130103
0.47867162 0.42149302
1.53961981 -1.73137278
-0.05676312 0.80582603
0.45910249 -1.81541274
1.12938514 -0.49276332
-1.43767215 -1.51554382
0.11529153 -0.60189432
1.19718756 -0.35907759
0.2271365 -2.35692127
0.47117609 0.15915894
0.97910071 0.91728045
0.54270071 1.05495982
0.08518985 0.0637192
1.72387377 -1.20472174
0.35739666 1.17674764
0.260055 -2.27728514
-0.99854748 -0.28123959
1.82780028 -0.31503646
1.15572421 0.93813713
0.80649701 0.81829611
0.88644709 1.53860112
-0.7381034 -0.08281478
-1.70887119 -1.71910781
1.00735001 2.25010935
1.20771322 1.58099031
0.88292611 -1.52380899
1.12705386 -2.70758647
-1.00941603 -0.42916962
-2.16528863 -0.69873478
1.57435144 -0.65630338
0.68569387 -1.97571065
1.51050212 -0.22960923
0.02264924 -1.23123185
-1.02109331 -1.04530987
0.89949434 0.73258219
0.96070689 0.99903047
-1.6761677 -1.50701792
0.8551387 0.52533318
0.54029929 -1.48509325
1.73114262 0.14334434
0.05402727 -1.41687371
0.94123739 -0.96092543
0.99219807 1.00804923
-1.41044284 -1.31280975
0.88116919 0.90610705
0.54620921 -0.99494192
1.87822344 -0.99130803
1.36628322 0.62369164
1.11610447 1.9303989
1.83863309 0.25888846
0.48139331 0.57419619
-0.14113884 1.32394758
0.40378956 2.27590652
1.36629366 0.87991757
1.67074567 -2.83075965
1.39480597 0.10081339
-0.22912341 1.31565412
-1.99885638 -1.65279916
0.87857527 0.64297932
0.52796714 1.02228139
0.53474943 0.58904115
1.14881093 2.08292205
2.3362184 -1.39448172
0.85797221 0.92308205
-2.00109465 -0.06703627
-0.71257875 -0.6633211
1.02138261 0.97418153
0.96859854 -0.22629097
0.15738537 1.29193045
1.90730491 1.43152152
1.52636261 1.3940928
2.00362069 -1.39803207
1.60137293 0.4332614
0.82413029 -1.26798441
-0.29178505 -2.81924558
1.54127708 0.17128355
1.07343502 1.09373905
0.96615876 0.57432912
-0.07855791 1.0442834
0.79826943 -0.11926214
0.04074773 -0.9700542
-0.41148464 0.62238176
0.78255332 -1.61380229
-2.26367618 -0.4187298
1.52413309 0.86009113
-0.71500877 -1.43999031
-0.13842536 0.90562428
0.01916196 -0.67611499
1.42289572 -0.14070852
0.99821003 -0.63062367
2.21844061 0.79456046
-0.58000928 -1.53786832
-0.1781567 -0.62820804
-1.65656332 -0.80838939
-0.38838827 -2.64418619
-0.67408757 -1.61051088
1.27325546 2.11197148
-0.24607377 -1.15737859
-0.85697699 -2.34449392
1.50291903 0.10333507
-0.92382931 -2.04678761
-0.30677403 0.13850204
-0.92394626 -0.96910963
2.09289572 0.34181083
-1.70528841 -0.60319144
0.24296782 -2.16984741
0.48966874 1.13759018
-1.20463707 -1.13547598
1.20083314 -0.62441599
1.0472618 1.5443229
-1.4176696 -0.60305925
1.91334123 -1.06526639
-0.60203403 1.17603909
1.63003797 2.26156956
0.49030842 -0.48025107
1.08883846 1.28139255
-0.17685275 0.37772005
0.5987849 -1.68911225
1.16740191 1.97852738
1.66793271 1.38090133
1.0010297 0.4633066
1.56039536 1.05478212
-0.36495659 -1.59180894
0.6296012 -0.71778499
-1.84173272 -0.70873026
1.18928739 -0.62956053
1.77258577 1.28037148
1.81308551 -1.57173291
1.35506727 0.91863921
0.33894206 1.1666722
1.57250328 1.16674013
0.71226469 -0.47549031
0.84028013 -1.62323907
2.07165265 1.06471341
-1.03842173 -0.63420968
0.92775107 0.26402672
0.76267699 -1.02408262
0.96295983 -1.40835398
0.88703852 2.25611416
0.39906345 -0.22287958
0.65090798 -2.1873204
1.06060823 1.99347853
1.0006538 -2.3239514
1.36663785 -0.89991797
-0.64912542 0.47841374
-0.92836491 -1.15686466
-1.94023478 -0.46937336
1.01474341 1.06961812
1.44866391 -0.35131614
1.58936322 -0.61963943
1.24688459 -0.82054938
2.19521744 -2.20779286
-1.12200449 -1.80905474
1.02668917 1.35890227
-2.20305491 -1.73986974
-0.47146522 -1.97757467
2.61274169 0.25798892
0.64392732 -0.63009286
1.4579221 -0.44661701
0.63416641 1.73008432
2.51426516 1.93556956
2.06313154 0.18018768
1.72408692 0.30265115
1.3107969 -1.32981138
1.7529223 -0.73161804
0.98072603 -1.25197586
0.95779873 1.19465673
-0.60659083 -1.70553686
1.9053873 -0.18164472
0.4864685 -0.02220564
0.73739702 0.14166267
0.80703063 0.50319042
0.47521676 1.02296612
1.02805002 0.77057156
-1.38789187 0.04964404
-1.30770849 -2.00557895
0.19667234 0.74932015
0.1703473 -0.01945565
0.75234337 -0.92724823
1.51531584 -1.69384388
1.63132792 0.1448369
1.20181711 -1.26511551
0.3202268 1.22037204
1.47348608 -0.25995009
0.77816164 -2.11080564
-0.66904724 -1.36896413
-0.25687988 -1.82942121
-1.58529109 0.26740723
1.74249087 -0.44609144
0.96119268 -0.44240749
1.61557296 1.44479717
-1.99533254 -1.65520665
1.98199132 1.2350913
-0.18465931 1.51054244
1.6016445 -1.51908918
-0.42603282 -0.25699553
0.29521777 2.1771037
1.21501559 0.27567476
0.40366302 -1.37843471
1.55466422 -2.137529
0.81594482 -0.62986491
1.46646816 0.67749615
-0.8442671 -0.61895159
-1.97441114 -0.58545602
1.75715623 -0.93065215
1.21680668 -1.51621934
1.83162085 1.22185983
-0.88856576 -1.69166768
-1.1101137 -0.8066321
0.70776586 0.23175234
-1.73137142 -0.44706654
0.69990855 0.55351161
-0.65267441 -0.59613087
1.72806037 1.11525067
-0.26259218 -1.39438536
0.22503548 -0.4589288
-0.74017921 -1.69287578
0.59562697 -1.22976471
-1.26472463 -0.40297763
1.15917494 0.28828295
-0.57021308 -1.40351826
1.32215034 -1.27941682
2.22849031 0.9069081
1.2754111 -0.79943721
1.12833744 2.16966012
1.28465996 1.8411885
1.07158199 -1.18823972
-1.46353401 -2.10432495
-0.88108543 -0.93642185
-0.71434775 -2.14100186
-0.10913149 1.59111801
0.45593651 -1.92986487
-1.17155723 -1.54507283
0.15720488 -1.48952256
-1.28966279 -1.76784748
0.10421758 0.59019816
0.93288998 -0.72319413
1.2679127 0.9760304
-1.47656497 -0.2406767
-0.65388819 -0.46702618
1.0651267 -1.02629328
0.35326159 1.98850619
0.52119237 2.16168556
-1.00029213 -0.73809144
2.27534057 0.94704467
-0.08705028 -0.92663187
1.44287678 -0.54229577
-0.04388031 1.30757419
0.85456502 -1.47231381
0.05179077 -1.44439103
0.74411424 1.65666478
0.26032393 -1.83657264
0.25047316 1.73811621
-0.3082316 -1.35973207
0.94456875 -1.36924725
1.96968308 0.78783122
0.23664393 -0.29865551
-0.78565762 -0.74541148
-0.00714414 -0.84050647
-0.7778201 0.05389686
0.64624918 0.42894592
0.95232392 -0.95994109
-0.58990444 -0.20452835
2.04254917 1.36491262
-0.26640937 -1.02367888
1.33629715 0.32226976
-0.96340473 -1.2518212
-1.48371387 -2.54385375
-0.19749759 -0.94961036
-2.11454744 -0.97606716
0.49604163 0.37449792
-0.3961048 -1.45327662
-0.80254022 -1.23668438
-0.9441514 1.80621378
1.60827444 1.19381033
-1.14253051 -0.70019542
0.88090153 -0.83992514
-1.50713955 -1.56204219
-2.26415538 -1.01352595
-0.36949327 -0.37604513
2.45872532 -0.82673949
0.03737086 1.35069456
1.92944789 0.92910296
2.40412401 -0.94283915
1.55123854 -1.05405305
0.08990703 -0.38118096
1.80422068 -0.80511543
1.36917197 -0.29530725
0.61747861 -1.52350317
-1.03083143 0.3716934
0.61198326 0.67055364
0.83923573 -0.86911441
2.81609721 0.71717739
-0.92662054 -1.69528005
0.94773242 1.18110151
2.58882824 -0.01805597
0.88400262 -0.35435144
2.02583626 -1.12581688
-1.13845122 -1.58644338
0.68506853 -1.91044098
-0.31677373 -2.08985375
1.97451676 0.97803935
-2.30023829 -0.7321813
1.45013818 1.41175745
2.21573693 -0.64394256
-1.97627575 -0.7387777
0.4268764 -0.47791853
0.16903527 -0.53844999
1.49501062 -0.16460979
-1.83528048 -0.75481386
1.72736751 1.33536666
1.13929265 2.39211234
0.78161672 0.41179672
2.12633148 -0.89988833
0.82535259 -1.11652181
2.3066782 1.53022783
-0.09514779 0.06041761
0.64324347 0.69334799
1.15669049 1.23073609
1.34376567 -1.25577489
1.41783454 0.30889931
-1.47349949 -0.65412788
0.3977362 -0.26276007
0.89114472 -0.96754701
0.42930704 2.26084979
0.79769635 -0.39904763
-0.29198648 -1.63258365
0.84818805 -1.50769743
0.82274784 -0.23120886
1.16770793 0.74113918
2.13263799 0.42291362
0.48518102 -1.21907657
-0.55970029 -0.78017631
1.50104844 -0.88893272
0.76323377 -1.24568726
-1.62548178 -1.78296811
1.1349103 1.48750707
-2.27685569 -1.40509596
-1.32868245 -1.03472746
0.71558781 0.39516851
-0.16433266 -1.36240585
1.35139486 -0.51536981
-0.85676537 -1.48027127
3.21968234 1.13264975
1.7481116 -1.16370649
0.39871933 0.37074049
-0.15572151 -1.14603796
0.46465262 -0.60519894
1.69170549 -1.41607914
-1.72592054 -1.77903413
1.44403817 -0.25057576
-1.32332567 -1.43854316
0.44539934 0.62787586
0.39179622 1.45947353
-0.34037998 -2.4035878
0.94144718 0.34858824
1.09305609 -2.5189821
0.65137728 2.35067244
0.80453307 -1.13134272
0.85186578 -0.8127613
-1.72492401 -0.90083298
-1.71279553 -1.45819909
1.49287772 -0.04697566
-0.13355199 0.64227168
1.80774377 -1.42064053
1.39917179 -0.6216253
1.17193325 -2.3758227
0.34348384 1.30317557
0.69180078 -0.96147439
1.70706355 -0.94000854
0.83249239 0.82724451
1.98782044 1.55006268
-1.46740623 -1.00808886
0.56117858 -0.02073018
1.7082897 0.53943427
-1.13068365 -1.80054898
-1.03507522 -0.6978563
0.61168704 -1.08652053
1.22740873 1.69798259
-1.65315449 -1.16714342
0.75259778 -0.13153193
1.37927893 -1.48697149
-1.37895171 -0.93593464
-1.28689818 -1.3173362
-2.23356023 -0.41863784
1.58914188 0.82537899
0.19983603 -1.53756401
1.42186412 -0.88998285
1.42020537 -0.22330922
-0.32358595 -0.85283799
-0.36942407 -2.05413795
0.85975256 -0.19983228
1.55437973 -1.59132997
0.88267294 -2.11455112
-1.70958249 -1.89431186
1.76744279 0.83604894
0.71975583 -0.03062605
1.15902037 -1.73761039
-0.06972748 -0.84746763
1.47515251 -0.19246738
1.93830122 -0.76054761
1.52779403 1.74572084
-1.35492564 -2.40754759
1.59831189 -0.16847427
1.18008995 -2.47975236
0.87649302 -2.14340417
-0.90265509 -1.60036914
1.27893427 -2.22669325
1.29067555 -0.16219118
1.95086732 -0.95740053
1.53666423 1.24940497
-1.08301064 -0.65814059
2.36913862 1.27306533
2.16847556 1.21139245
-0.95527267 -2.12512411
0.67320812 0.00816572
0.47772019 -0.77428927
0.00315736 0.65467608
1.3325189 -0.71586124
0.22693166 1.03651556
0.88124826 -1.32197867
0.95731051 -0.41373833
1.23755618 -1.21843444
2.37673478 0.86263622
0.11814886 1.02003435
0.30080584 0.48190425
-1.63918508 -1.12491977
-2.18468402 -1.66235443
-1.02446642 -2.4324752
-0.27941376 -0.92855815
1.20593205 -1.56070479
0.09042318 -0.5622512
-1.01334075 -0.85604033
1.51124625 1.77320493
-0.39011501 -0.53760043
1.18831685 1.3674425
0.45918101 -1.19853782
2.23013611 -0.51448328
1.63216192 -3.10520604
-1.10885301 -0.54408856
-1.41216924 -1.11630719
1.68730945 -0.97255589
-0.42057015 -0.30141686
1.27243639 -1.87006101
1.31674236 1.0685273
1.11147533 -0.37098427
0.19677194 0.69352597
2.62455989 1.08196361
-0.06035242 -0.86150268
1.32255603 0.71930969
1.28449085 0.86477631
-0.48482351 -0.28719262
-1.54934931 -1.11908561
2.71709748 -2.31154404
0.75762539 0.44375458
1.37033167 1.29584004
0.55379408 0.72190973
1.28183787 -0.2431216
0.38413249 0.55037363
1.61308293 0.91942477
0.14136484 1.67721231
1.80792882 1.12075309
0.95340601 -0.97736901
1.40496505 1.24475812
0.41490075 0.34053449
-2.02434154 -1.30086386
1.94975107 0.40980986
2.11143307 0.54971968
1.28612151 0.12804894
0.85420043 2.10205987
-0.96259729 -1.3242651
0.96272987 -1.54144971
0.34780001 -1.66805421
0.25136602 0.84203201
0.54047543 -0.98418815
-0.5140763 -1.14994482
-1.33697484 -0.02205429
0.78329336 -1.36372297
-1.12275645 -0.1448918
0.64681292 -0.80394505
1.3092458 -1.7580722
1.74131908 0.28420493
-1.36307508 -1.19837844
0.68233717 1.28228518
0.93984846 1.13600506
2.24414764 -0.9243674
-0.28968361 0.00821255
0.69944635 0.16738243
1.92705112 0.87945945
0.7468805 1.7452096
-0.30257482 -0.57980844
-1.10314757 -0.25813559
0.86654255 0.72360534
2.12525584 -2.26168708
-1.2859188 -0.2268119
0.51627933 -1.35510401
1.36672372 1.06189546
-1.53195399 -1.33062627
0.62725706 1.45153869
-0.92534339 0.0633023
-0.21881643 -1.64437671
-0.65492167 1.01423393
0.56252293 -1.51919869
1.55265528 -0.89067746
1.66307638 0.89149293
-1.73811208 -1.60594355
-0.06274469 -0.21620459
1.37449134 -1.06717151
-1.7953154 -0.64628957
0.12606857 -0.22678194
1.67248538 1.93034399
-1.06388691 -1.28109947
-0.15471319 -0.62383386
1.30533097 0.10002414
2.40787968 0.9687832
1.44399916 -0.93349814
-1.66722565 -1.33550818
-1.14714528 -1.31094214
-1.03176835 -1.03719684
1.65391454 -1.57029602
2.30154589 -1.75286024
-1.64296335 0.27812003
0.33464874 -0.46511375
0.54706253 1.11987048
1.00949425 -0.91003472
-0.52525206 0.5592447
1.0316161 2.30154243
0.22203502 0.50315562
1.79758048 0.13562193
-1.25317072 0.50760366
1.02783671 -0.0968963
0.75018993 1.38196013
-1.340964 -0.37072282
-1.09705237 -0.35318576
-1.00764004 -1.51156473
0.89158483 -1.18042553
0.98360383 1.75543631
0.64473768 0.26368393
0.98515763 -2.4716454
-0.83130229 -1.68062254
1.28163915 0.52063294
0.1546335 -1.38181051
1.69050038 -1.03189018
0.80313344 -0.98830544
1.31297923 0.77583994
-0.72036797 -1.3420863
-1.29066198 -1.47156492
2.7158608 0.85215581
0.85516743 1.61612524
1.54409387 0.79627098
-1.51873887 -0.95799365
1.82152786 -2.11456064
0.78367889 -1.30514689
0.0190396 -0.5660765
0.2790453 0.75503964
1.2328362 0.74719619
-0.12450778 0.03886252
1.38031832 1.30733007
-1.04756158 0.65216001
1.522666 -0.34957273
-0.47229402 -1.62173175
-1.40871517 -1.9316309
1.26520223 -1.82503164
-1.52151625 -0.29141764
0.89078328 1.73436523
1.70241808 -1.04269358
1.62937862 -1.01290261
0.90560776 -0.95229909
0.34225156 -2.6672251
-1.09115622 -1.13259255
-1.36580498 -1.2149922
-0.8188417 -0.27183273
2.19861365 0.44551949
0.70273569 0.41902478
1.54025339 1.57645291
-1.00485621 0.33692339
0.22843887 0.9828154
0.15099253 1.19863869
0.45237298 -0.77803128
-2.33407251 -1.39766
-0.49267559 -0.00977318
1.75334023 -1.97954918
1.32019092 0.32477159
0.98027244 1.29983231
-0.04141849 -1.01900145
1.48151697 1.03490009
0.58129468 -0.0640275
-1.76696986 -1.76502762
1.55208096 -0.90394266
-0.95029384 -1.3454723
1.55166466 -1.20912001
2.04937083 -1.91765114
0.76546372 -1.1038048
1.32138116 -1.28864181
-0.84253637 -1.22981077
1.01315425 0.58435579
-1.03505785 -1.59053092
-1.65908197 -0.82169912
1.14900297 0.09654852
-1.05830188 0.12200454
2.00317342 -1.26859791
-1.63823794 -0.21466486
0.26655343 -2.47433805
1.54759643 -2.45880004
1.10557274 0.82117045
1.2946428 1.17262153
-0.51094484 -0.63486234
0.01489327 -1.61701295
-1.12134515 -0.13812251
-0.82923036 0.09921274
1.07879027 0.54111848
0.885716 -1.32223892
-0.98445113 -0.61958259
-0.17624913 -1.20481595
0.6424364 0.17355747
1.65392582 0.02594631
-0.90200807 -1.24083194
0.80377967 -0.37933898
0.44960094 0.14224556
0.56033871 0.66328102
-0.48985294 -0.38014922
-0.421712 -1.04042959
-1.79682677 -0.90958648
0.90232345 -1.16865572
1.61679177 1.72309244
-1.37873275 -1.06400641
0.55537652 -0.57742632
1.31250214 -1.80057461
-0.25074799 -1.504001
-2.14185366 -1.21103062
1.19935342 0.78343568
1.616726 -0.49935406
-1.39743707 -1.41381177
1.06993354 -0.10271449
1.19630919 0.30481347
-0.2574995 -1.60209021
-0.34347604 -1.59726694
-1.15014657 0.16412727
-1.26690291 -1.87426425
-1.36154121 -1.0583284
1.12636679 -1.56043077
0.94041908 0.60498928
2.18005461 -0.15363234
1.62054408 0.80950777
0.43540746 -1.82188654
-0.21683231 -0.50500568
-0.92960506 -1.66845993
1.77044199 -0.70268493
0.6146809 -1.83561272
-0.53130636 -0.29690657
1.37024837 -0.70882525
0.57116198 0.42402017
1.95517229 0.51738557
-1.76372308 -1.08879911
1.32596371 -0.07537058
0.85860563 -2.01417812
-1.65810961 -1.27756662
0.94103936 -0.6117178
1.15476363 -1.57876947
1.35904179 -0.77886717
1.44809207 -0.13186923
-2.24368371 -1.65434812
0.30653035 0.29813199
-0.5240392 -2.51416835
0.09500016 1.18693561
-1.07021119 -1.49238006
1.17971194 -1.21099799
0.66424093 1.43425081
-1.76889558 -1.26408512
0.52538195 1.90849205
-1.60835431 -1.32076041
-1.36837034 -0.87253015
1.68854534 0.94006953
-0.16492109 0.91140147
0.68710609 0.44863277
-1.10785068 -0.16447182
1.34908319 1.73358051
1.54952384 -0.84109815
0.10057309 -1.39265121
0.32732756 -1.5598503
0.26980935 0.40004527
-1.9333396 -0.74255119
-0.96154196 0.1681029
1.18031718 -2.03354993
-1.14488213 -1.39431655
1.0030949 -1.04575132
-1.12851353 -0.7723609
-0.42842558 -0.99833036
-0.23028622 -1.54819068
0.68025792 -0.57223284
1.32107609 -0.16503395
0.9528375 -1.19838701
-1.08047324 -0.65290453
-0.07200443 -1.23938759
0.90892513 1.06576726
2.74804027 -0.57172515
0.41595544 -1.07613098
-1.43213964 -0.63495403
-1.38858844 -1.12073762
-0.89957525 -0.3791262
-1.23959919 -1.28300609
0.01421199 -0.89776961
0.54855695 -0.99079498
-0.48791389 -0.77624515
1.19215253 -0.86932347
-1.70053234 -2.11704433
-1.3855596 -0.44557095
-0.70806228 -1.42550756
-0.32447001 -0.60235919
1.15697655 -0.17508185
-1.03988534 -1.27732981
-0.5067501 -0.89108649
1.15790716 1.97240172
1.88718816 1.34964876
1.68153809 -1.77765256
0.87946972 -0.15343056
1.31441829 -1.09191134
-0.17593756 -0.27200575
-1.14063527 -0.91422808
-0.95518306 -0.50644323
-2.02614003 -1.04871199
2.4366054 -0.31028376
-2.03773317 -0.97186664
1.48939531 0.79086828
-1.72037908 -0.318844
0.07472234 -0.88565023
2.04667767 -1.20831874
0.00404356 2.34562733
1.964009 -0.60245845
1.3264657 0.93392525
1.01776992 1.42727424
1.26246547 -0.99151723
1.11667145 1.44452201
-0.2284022 -1.48795115
0.97047998 0.79917897
0.46651984 0.3785539
1.16875063 -1.43768518
-0.49197126 0.8639087
0.75083395 2.77816213
2.40590909 -0.93295341
0.08092217 -1.11233369
1.13279183 2.19179911
1.16790697 1.11127107
-0.67697179 -1.03253681
1.28927918 -1.75809589
1.24023168 -1.80088616
1.01678372 -0.88280341
0.59116462 -1.07450977
0.79408896 -1.6694184
1.17696245 0.7143897
-0.46622215 1.08660534
-2.61487044 -0.48788525
1.10075606 -1.66340702
-0.14398579 -2.46055702
-1.53164684 -1.17552967
-0.01633387 1.26754195
0.64240689 -2.01754091
1.0266826 0.5947573
0.82082963 0.75636753
0.49208184 0.03164523
-0.01145814 0.1526199
1.03464649 1.34568574
1.38632257 -0.04006902
-0.86201534 -1.66563898
-2.26678313 -2.30166652
-1.27111941 -1.24330916
-0.15874083 1.10755112
-1.04209652 -1.60631816
1.94362505 1.63538916
-0.90935501 -2.45826415
-0.44428375 -1.4894507
0.45037363 -2.05459915
1.3293032 1.21801295
0.56211008 1.69449578
0.06610119 -0.63918345
0.3681633 -0.53115172
0.7564267 0.0526278
1.30872304 1.12515501
-1.38754967 -0.76462219
-0.9684209 1.39927698
0.90631379 -1.86208614
-0.5291543 -0.81811725
0.93465839 -0.37180422
1.55610915 -1.45473154
2.17285123 -1.20313729
1.53272641 1.08517251
-1.3389473 -1.22954264
-0.90334985 -0.15677967
-2.80533552 -1.65625657
0.29507758 -0.62270098
1.60446376 0.43667238
1.30068298 -1.94840285
1.70485368 -0.6607238
2.07559122 -0.88019017
-1.54619591 0.01782502
1.79001585 1.34720066
0.43890135 -0.26601755
0.50667604 -0.48524457
0.00868888 -0.01256492
-1.10334619 -0.20773163
-1.59689996 -0.71604344
-1.28715308 -0.03247268
-0.47466222 -1.53508142
1.17531748 -0.55276119
0.21122193 0.48852557
-0.92168932 -1.4729922
0.32999677 0.05610298
0.29976876 2.17178999
1.29838111 1.47383562
-0.61111808 -0.69233437
2.40421848 -0.78716733
0.27158054 0.77907781
1.47040491 -1.43419291
1.70032971 -1.41062132
0.91289594 -0.26277955
-1.31519728 -1.99346386
-0.21370269 -2.14842084
-1.41353001 -0.31962079
-0.08777333 -0.91002458
1.23418097 -0.8894726
1.92750984 1.14373279
-0.64874017 -1.03926963
2.48175372 -0.12761488
-1.8965647 0.1631563
0.72887123 0.78838807
1.72349009 -1.56605349
-0.37734051 0.07865308
0.79150807 -1.68756471
-1.28383072 -0.69624272
-2.98240831 -1.75839866
-1.00338916 0.22336776
-0.65236936 -0.29150677
-1.6220517 -1.09506689
-1.50151091 -1.35439147
0.96125322 0.81524386
0.45527153 2.21574247
-0.55652627 -1.42617058
1.68511659 2.56862524
-1.19528712 -0.62911635
1.25609415 1.90847769
-1.33262257 -0.10893238
0.9277468 1.28741895
-1.04628066 -1.2957491
-0.40920776 -0.75991642
-1.01290034 -1.22630205
1.8419375 -0.94405161
-0.47933989 -0.58549564
-0.17824476 -0.7591677
1.35898552 0.77157708
2.15395281 -0.08500993
-0.72119274 -1.87904242
-3.18179961 -0.54888358
-1.11437924 -1.10941243
-0.07584392 -1.39357838
-1.58573973 0.12891002
-0.48157532 -1.15054412
-2.06398212 -1.15157301
-1.25790544 -0.65784998
0.61535102 0.23100049
-0.78221289 -1.75485276
-0.35539586 1.13214502
1.68972226 1.53684377
-1.52057052 -1.11130858
0.91000408 -0.40245412
-0.87598916 -1.71622119
0.45215959 0.92272749
0.06601907 0.05729775
-0.43318149 -0.24404815
-2.58456221 -0.73748606
0.4694904 0.96494113
0.00657014 -0.78758365
0.05992749 -0.83828692
-1.66536256 -1.3247975
1.03477965 -2.12129413
0.88225004 1.26453707
1.76881248 0.90351257
-1.98163137 -1.21494794
-2.50368293 -1.72321534
0.40398752 -1.23672829
0.04858948 -1.38744522
1.12381004 -1.47188552
1.20883456 -0.84265074
-0.02275646 -0.17690339
-0.20084644 -0.10809148
-1.67685176 -2.21221194
-0.24218604 -0.74239744
0.9737668 -1.1705299
-0.48451202 -1.27020235
-1.28464728 -1.05548041
0.7958799 0.84103978
1.64687749 -0.34643762
-0.54494084 0.27465749
-1.94185541 -3.37461
1.35603592 0.114698
0.30464704 2.4294505
-2.19983961 -0.88853606
0.94249923 -2.06743131
-0.56772284 1.28104934
0.26198332 -2.93124927
-1.45615935 -0.64662918
0.96262073 -0.8446843
-0.98304998 -1.30435345
2.06841471 -0.00356748
-0.8280685 -1.02309754
-0.25801523 0.43842278
0.51468377 -1.18235907
1.47844847 -0.99782271
-0.45006651 -0.89413449
2.03422395 -1.19257611
-1.43816018 -0.66937048
0.88667606 -1.85873221
-1.19455798 -0.04538019
0.95685336 -0.00291484
0.8062239 1.78673371
1.09936721 0.77647011
6.27211575e-04 -7.52946326e-01
1.63859742 -0.13223905
0.60148156 1.18893305
0.48241934 -1.35896846
1.9841606 -1.33484739
-1.20017141 0.0478377
-0.64998831 -2.00225844
1.19173111 -1.14683941
1.20826005 1.03081559
-0.29014869 0.6654182
1.46435842 -1.72651691
-1.29335739 -0.72202563
0.09718806 -0.58681869
-1.63387506 -0.81447158
1.77019904 1.90861538
0.58753971 0.6860745
1.31667959 0.13035747
1.48780996 -1.04518641
-1.07193388 -1.12761998
0.46443198 -2.39066219
-1.7388719 -0.58307163
1.31930713 0.74969468
-1.86022664 -0.37812412
1.62189161 -1.77792632
-0.47428229 -1.62937906
0.14858716 -1.07684714
-1.01586826 -2.0670766
-0.96920314 -1.22222355
-1.84227042 -0.17537814
1.80168352 1.24254611
1.37982755 1.50115723
0.29628169 1.070985
2.05711159 -2.13352634
-0.97987063 -0.61292531
1.31304846 0.56871521
-0.43829276 -0.79769588
0.45003353 -1.39357614
-1.92960324 -0.83797327
1.48564121 0.88829859
0.82047031 -1.12503442
-1.23839202 -1.91225406
0.51579422 -1.10925629
0.56089066 0.07379697
1.30436557 1.37806612
1.95159418 -0.51274957
0.36223465 -0.31653278
-2.03585693 -0.90571892
0.58371351 -0.96986019
-0.56207635 -1.07070176
0.81876622 0.19804229
0.29997159 -0.70972801
1.2772047 0.23485694
1.45952458 -0.95390417
0.7873818 -1.07378617
0.19758561 -0.00990947
0.7858332 0.69306788
1.25494553 0.40960214
1.15963733 1.14103596
-0.93764666 -1.09040744
1.30514553 -1.62149668
-1.05656813 -1.49270133
0.38458756 0.83822887
-1.82747238 -1.50132464
1.15914217 2.12997468
1.71100218 -0.23328059
1.34555086 1.34091073
1.02188728 0.93552152
1.03467069 -2.15722635
1.71121917 -1.21481107
-0.41371646 0.37261657
-0.39511507 -2.05452422
-0.10158147 -0.58143746
1.9596923 0.64310973
1.92059637 0.77357977
-1.30452382 -0.53962253
-1.03193 -0.73963111
1.12503414 -0.45282319
0.49237951 -0.44298143
0.65703827 -0.78770137
0.99648262 -0.31988861
1.13167946 -1.17666458
0.50670981 1.66028251
1.66743569 -0.44149524
0.9069836 0.79154638
0.23691075 -1.21746731
-0.70633312 -0.35289618
1.57765171 -1.94390212
-0.25942971 -0.57634505
-1.58527797 -0.55045234
-0.00719792 -0.43908929
1.00926784 0.91463855
0.79180512 -0.84576474
-0.98011409 -1.27864304
0.76512213 -1.42532853
1.71167398 -1.23149635
1.466177 -0.77418812
0.42697491 -2.01160581
0.84632128 0.24117437
-0.81468287 -2.16329386
0.96800723 1.15435536
2.16242529 0.00837756
0.41260942 1.69308497
-1.23974453 -1.69960101
1.14429086 -1.43856893
0.67279129 0.39789263
1.66183333 -1.95318376
1.60510534 0.48048449
-2.1337792 -0.59916109
-1.67624423 0.51200918
1.04734396 0.67588477
0.05531755 -1.61132144
1.04724458 1.01143666
2.66820134 1.66113564
-0.71026043 -1.13949604
-1.40315493 0.09276899
1.58720126 -1.75333149
-0.1984594 0.19391041
0.17537037 -1.23875545
1.05631162 -0.80785064
2.64265292 0.10458723
-0.01652092 -0.78593801
0.98297171 0.48337836
-0.85752221 -2.45910249
1.64498588 1.32257013
0.0896921 -1.05343736
1.53758005 -1.24884419
1.8066321 1.75573301
1.48491975 -1.54539379
0.72333971 0.18840564
1.14258741 -0.99500817
1.0761225 0.69697841
0.75411909 0.30144405
1.98539268 -0.87617892
-1.18891679 -0.11300834
-0.03021908 -1.28931091
-1.31077201 -0.70725766
-1.51757671 -1.26317198
-0.27457134 -0.88555384
-0.77153744 0.03819004
-0.14284417 -0.09743741
1.14960896 -1.635275
-1.55092292 -1.40933966
1.34561924 0.91872724
0.65294315 1.8516044
1.72120694 0.08550442
1.19926491 -2.03126372
0.27381829 -0.05532856
0.1783571 -0.13149163
1.08664957 -2.1288806
1.42582535 -0.89740715
1.59537148 0.41261307
0.3168553 -0.98310888
-1.30825355 -0.52389796
-0.89094425 0.06400246
2.70885131 -1.01209956
-0.8283209 -0.38574646
-1.92591318 -1.31379796
-1.58974615 -1.12222956
1.62074876 -0.72209943
-2.29663986 -1.49932889
0.9883479 -0.90134713
0.57024948 -0.50605437
0.70679279 -1.54972499
-0.12359861 -1.80128484
-0.92529565 -1.63831691
1.92398383 -0.78222341
1.77395582 -0.36453817
0.56192006 -1.3749086
0.16350924 0.64971323
-1.41784198 -1.15607143
0.0977975 -1.71314847
0.5138025 0.89525582
0.87046243 0.43464606
1.65551201 0.97543338
0.92651421 1.95719049
0.97416544 -0.13615481
0.57731231 0.19531216
-0.2016581 -0.87902273
-1.14347239 -1.12180479
-0.31855192 -0.97265064
0.25668819 -0.99192587
0.41746978 1.1206374
0.92347375 -1.19822839
1.31460204 -2.05713975
1.09168719 0.16701145
0.53147201 -0.43581354
1.26349787 0.23041945
0.50033313 -0.06651349
-1.15828573 0.34806402
-1.87967609 -0.34226992
1.91397846 -1.08777913
0.78361989 0.83657334
0.54339448 0.63516748
1.97815245 -0.04110679
0.67275478 0.39625469
-0.68865305 -0.28432537
1.20876672 1.92847013
1.61370874 -0.27883796
0.95741447 -0.44889135
0.31617323 0.58729405
1.20020877 1.68499711
-2.28672372 -0.5428739
0.75023351 -2.5765728
-0.72968354 -0.92939306
1.1008305 2.01799145
0.66935767 -1.2790815
-1.42066989 -0.50546987
-0.33425225 -1.84463513
-1.21000466 -0.38714359
1.10651493 -2.35837338
-0.91108323 -2.43446234
0.16006688 -2.86764294
-1.61226377 -1.47908109
-1.514707 -1.44379206
0.9911708 -0.77430059
-1.62083303 -0.38518737
2.234438 -1.94573316
1.16948257 0.37789582
0.22676838 0.97834462
1.60736565 -2.57937508
-0.14392467 -1.23191605
1.98094138 0.71273274
1.20238435 1.28900957
1.17265427 1.42559476
-1.14166685 -1.98642935
1.03610246 1.60709364
-1.43824079 -1.93113609
1.35264563 0.33723975
-0.27844191 -0.20873385
0.51906472 -1.0109074
1.19644755 -0.79442352
-2.61964118 -1.58980019
-1.04419093 -1.57488555
1.86120348 1.84166589
1.25165308 0.89880323
-0.82877275 -1.54594627
-1.41105299 -1.44999591
0.57562406 -0.57225948
0.95223088 2.19933991
0.05736731 -1.40003489
1.14689463 0.13156278
0.61800162 -0.31921009
0.32234252 1.33394766
-0.11654385 -1.17847355
1.11309149 2.09438332
-1.09001129 -0.68120601
-0.80456246 -1.26393584
-0.89069981 -1.38975282
0.32590868 -2.12066869
-0.76280209 -0.45539752
2.14408395 -0.60014136
1.89586841 0.37982346
-1.46179787 -0.66819449
-0.23994194 -1.96677006
1.13921315 -0.69201756
0.63489423 0.17071939
1.42985556 1.64554467
0.93673259 1.95731807
-1.34874813 -1.30199004
0.58094224 0.21887211
-2.33966049 -2.59984961
1.59978143 0.54428208
1.29749826 -1.54568599
0.99595446 -1.04900166
0.76292247 2.42433378
0.31267021 -1.95415437
0.77785578 -1.12454914
0.63773667 0.3148191
1.00712986 2.53880744
0.68628425 0.54546345
-1.0308978 0.13292153
0.75521628 -1.46953096
0.95977134 0.72614806
1.32903107 -1.17802835
-2.25983983 -1.7732831
0.44040432 1.16855126
-1.96698816 -1.42884699
-0.60044803 0.07995744
2.05932966 1.38719244
1.67407175 -1.05580883
-0.7882073 -0.23536279
-1.40906269 -0.74408598
1.65547898 0.63205158
1.30153979 0.89507589
2.2174928 -0.55812934
-1.97176345 -2.80264184
0.03481412 1.04767471
1.18981913 0.43895218
1.8251457 0.87405261
0.08315792 -0.33962508
0.45905968 1.61743962
1.55669325 -1.39353033
-1.70459135 -2.50031565
-0.90212138 0.21720005
0.43780103 0.67496362
-1.06186119 -0.81263037
-0.90826189 -1.61536721
-1.84946652 -1.84202183
1.47060633 1.28522329
1.97476291 1.72630997
1.4357634 0.55816564
1.37854151 -0.27265434
0.51889067 0.91776782
-1.76997957 -1.28304655
2.23699211 -1.1213946
-2.06593766 -0.61012512
-1.21076635 -0.62410846
0.93108323 0.5355652
0.74559355 1.54533585
-1.36518757 -0.4556749
1.22201244 1.36402843
1.97885423 0.46272732
1.08647869 -0.95314737
-0.6653125 -1.06518595
0.32162141 -1.01286161
2.12018747 0.86781565
0.92540175 -0.95286891
-1.91456507 -1.68136318
0.78237968 1.06818012
-0.8945113 -0.51313718
0.7962208 -1.29442445
1.15047591 1.06805346
1.19902016 1.29078044
0.35662059 1.13492769
1.72061605 -1.27688661
-0.11965779 -0.42292705
-0.65791659 -1.07557336
-0.40681415 -1.13910389
0.04466924 0.98469106
1.56912546 -1.51540796
-0.9970775 -2.03844409
0.53796058 1.12307327
1.22360228 0.90355455
-0.89269807 -0.5141099
1.05221048 0.24603065
-1.70872001 -0.12460112
-0.12331697 2.02110032
0.19323601 -0.61895111
0.07759786 1.37870575
-0.78320749 -1.93919346
1.5859171 -0.79483891
0.19470001 -0.76962007
0.12302842 -0.85435133
0.4823059 2.08011022
-0.34424335 -0.46076838
0.21813531 0.97529228
1.15088714 1.39760515
1.51036339 1.09028804
-0.30244436 -1.38369623
1.67448724 -1.51258538
-0.48726029 0.33493909
1.22338288 1.21508535
0.26813281 0.24060076
-0.24361911 -2.12537361
2.08729786 -0.92489607
0.65068835 1.01494586
-1.35425359 -1.4819123
-0.22921468 -2.02432781
-0.26578364 -0.60197242
-0.98028109 0.38486089
1.53998416 1.72060718
0.81684819 0.87242865
0.40645299 -1.34287031
-0.72770564 -1.53342727
-0.34281295 -0.68706209
2.00201027 -0.55438926
-0.48053921 1.98375581
0.88560709 -0.42351116
1.4165947 -0.83626512
1.5290182 0.62260715
1.09926465 2.28340475
-0.77786973 -0.57112345
-2.07304474 -2.19837911
1.67011868 -0.82648731
0.33653984 0.16471119
-1.7688026 -0.59917065
1.28986395 0.64493588
1.13508759 -1.55850277
-0.24915477 -1.79699751
0.62760433 0.3306191
-0.41768555 -0.99519716
-0.02689822 -1.18534723
-1.51602962 -1.47483089
0.99830685 -1.09111927
-1.21192221 -0.30722439
2.20983234 -1.66617849
1.94880989 0.72129631
-0.90287832 -1.89202356
1.99608845 1.27726061
0.37292897 1.38382969
-0.71697996 -0.6469595
-1.00779494 -0.05914794
-1.08560465 -1.29939648
0.67368688 -1.3970856
1.54191243 0.45787872
1.31964972 0.05670387
1.98318186 1.10250854
-2.0139268 -2.10095752
-1.53819441 -1.81836702
-1.16417662 -1.60434891
1.3137367 2.1873271
0.34804299 0.09701252
0.44663388 0.36488991
1.44126393 -0.6982422
-1.45629955 -2.24232137
0.81990702 0.16581465
1.27236578 1.81972875
0.4307976 -0.20839782
0.03887021 0.25258059
0.63609991 -1.64641008
1.17970827 -1.62973946
2.98923714 -2.22307501
1.01925679 2.56241147
-0.52592786 -1.02233775
-0.17916208 1.56459464
-1.84876102 -1.05641896
-0.19881253 -1.01313694
-0.204385 -0.50403604
-0.61012218 -2.21536926
-0.10492104 -1.69353428
-1.56370887 -0.83287299
0.08267029 -0.84991579
0.34240298 -1.73648692
1.27384631 -0.06842064
-1.95940034 -0.7826047
1.74854953 -1.2489399
0.05814754 0.19452777
1.10063222 -0.90884531
0.69327466 -1.00377416
1.66029162 -0.78966514
0.67017411 -1.23805917
1.57719005 1.37182486
0.690792 -0.87097961
0.97496235 2.66652175
-0.93321169 0.63618676
1.66459456 1.06128587
0.63867929 -1.51993508
1.65065358 1.40755721
0.19664661 -0.89991381
1.6247423 -0.38671966
-0.27697966 1.21252273
0.75906248 0.82310253
-0.18503801 -0.9703472
1.23723289 2.41473049
0.23754515 -1.24234234
-1.00253597 -1.33620098
1.13654685 -0.74729834
0.23877414 -1.03607726
-2.17976747 -0.78789226
1.67922539 -1.68287957
0.53945174 1.67821785
1.39150929 0.25541309
-0.7466275 -1.20489847
1.01943349 0.70212045
1.5753111 -1.11952519
-1.29050117 -1.59719004
-0.402951 1.26381356
-2.45851464 -1.80580509
1.24697162 0.8930579
0.98808571 1.26540621
0.78945129 0.53757398
1.57776056 0.79117378
0.33183274 -1.54296488
1.41955856 0.82057817
1.48866737 -0.40279628
-2.39948731 -1.12485977
0.13865469 -1.1480068
1.08060351 0.73459671
1.46182879 0.50038386
1.65864233 1.28364286
-1.35259661 -1.4109114
0.37181935 1.91872926
0.3992558 -1.91055844
-0.72533797 -1.45814055
2.87639959 0.85943404
-0.47951254 -0.85274844
0.15921609 -1.41749049
2.72577755 -1.4105904
0.01091794 -0.64479879
0.11776465 -0.66497096
1.57422155 -1.25022597
0.9280818 -1.37729597
0.89147493 1.04624218
-1.40824791 -0.54919881
-0.9131172 0.28595648
0.39781628 1.22981091
-0.28145182 -2.24056178
1.81218205 -1.17096877
-0.58579112 -1.33335711
0.95677969 0.68721462
-0.21964934 0.08773007
1.96789729 -1.27266287
-0.86117106 -0.16701537
0.33229733 -1.59472982
-0.21304479 0.60641682
-1.49619487 0.01606961
1.15066833 0.29554413
-2.16744593 -0.58837358
1.31808812 -0.61513272
0.26471635 -0.82138342
2.74404034 -0.29170139
-0.49097759 -1.02723371
0.34889045 0.87498764
-0.01084012 0.05488625
0.61144845 -0.93154972
-0.00609522 -1.67557463
-1.76572654 -0.85594224
-0.15627192 -0.65939516
-0.70256813 -2.31703866
0.46634692 -0.01285823
2.24226099 0.72479276
1.66013226 -0.91777402
-0.23765459 -1.22636642
1.36348843 -1.47080817
0.69503471 -1.51368928
-0.20167823 -1.8304674
1.09469777 -1.73694433
-0.07620633 -1.0709621
1.80384541 0.36240474
0.37251518 -0.02897299
2.56098174 -1.1327329
-0.13109055 -1.10912859
2.58151627 0.97041999
-1.33135265 -1.14249947
1.53947114 0.90869219
1.29240782 -0.81913146
0.52711904 -0.69231486
-1.11582148 -0.1647312
0.55310131 -0.26846807
-1.4823339 -1.38366103
1.65791937 -0.62748667
-0.17440601 -0.41435481
1.59149692 0.52708432
-0.86142057 1.42442367
0.2957742 0.42491512
-0.03687217 0.10920931
1.1083156 -1.61450289
1.94892289 -0.56227237
1.82696502 0.55766737
1.64665759 0.90720239
-1.25813448 -1.44115802
0.36386573 0.70297767
1.36474541 0.59694842
-1.04923773 -0.44154354
-0.44146076 -1.62081572
-0.99584283 -1.73423026
0.46526548 -2.07447067
0.7240441 -1.44750067
1.02875756 1.41542614
1.75773079 -2.36633758
1.75587373 -2.52800715
2.00209743 2.02354992
-0.05810623 0.35265923
0.67148248 1.61298698
0.73257944 -1.02282992
0.88963309 2.57970645
1.31291691 1.074004
0.87137099 1.57723275
-0.36626287 0.53807579
0.35402368 -0.01593695
1.00533225 1.62080528
0.95290707 0.07712289
0.79585061 -0.21871597
-1.92596819 -0.98375188
-0.40831622 1.41279252
0.84301875 0.78842519
2.76845777 2.23894497
-1.85966638 0.05830571
-0.61146644 -0.54085291
-1.18760685 -1.34762575
-0.18176102 0.92127381
0.98510191 -2.70669279
0.12145247 -1.00912363
-0.10805688 1.42726557
1.67673761 1.35564754
-2.815372 -0.93192439
2.51492105 -0.62350323
0.7405072 0.33806894
-0.32465333 0.8755308
-1.06112973 -1.38777532
-0.60110898 -0.48091426
1.14468336 1.37172975
0.40133168 1.88005376
2.8175467 -0.71697396
1.02176575 -1.45823473
-2.08392974 -0.08200101
0.63465067 -2.11453652
0.49627693 0.43090491
-0.24326084 0.10063122
-1.80078649 -1.5037017
1.03566799 -0.25596049
-2.06934236 -0.34988065
0.79555757 0.3983384
0.0564522 0.46689863
-0.53659624 -1.23861209
-1.09971351 -1.91613446
0.88106562 0.20315379
2.66718048 -1.84629008
0.83970321 0.0672525
0.64702152 0.510391
-0.78744047 -0.27623011
-0.39588799 -1.41278846
0.25976845 0.61081048
-0.17551935 -2.6136168
-0.90477815 -1.58681781
1.11475 1.06742495
1.41197101 -0.23963444
0.32018053 1.9984218
-1.67993962 -1.6048337
-1.30044651 -0.03734221
2.10937437 1.45357745
2.34605942 2.03636035
0.89586369 1.06720294
-0.15571276 0.01701444
-0.14716511 0.48668103
-0.01249474 0.68335481
0.390442 0.59480523
-0.84791332 -2.15191561
2.0266051 1.59678636
-0.65816242 -0.07446409
0.1977997 1.03294627
0.94807176 -1.75975021
0.37854998 -0.38655753
1.03861995 1.20928422
0.93151317 -2.1777508
0.12732128 -0.60505255
-0.0516776 -0.24436687
-0.64591781 -0.56797904
1.26902638 1.7067983
-0.06748078 -0.87700096
-0.96770546 -1.67086214
-0.80952255 -1.32459311
-0.0445427 -1.60965722
1.00603953 1.36890295
0.81074535 -1.1473487
-0.50952392 -0.51234454
-1.06426772 -0.54415299
1.24899246 0.66589961
0.65457799 -0.45002309
1.88239819 0.92972455
-1.15347091 -1.31252535
0.47174326 -1.374484
1.29732841 -0.45244075
-1.92436774 -0.65064101
-1.53642932 -0.10294206
-0.83263904 -1.42552121
-1.96271136 -0.56389286
0.54331399 0.72633264
0.04438599 2.36296905
1.33769542 -1.92104813
0.43606144 0.21718165
1.64859081 1.39065732
0.58883745 -0.07259221
-0.1463944 0.84422196
-0.71140941 -0.62382228
-1.17980879 -0.79457002
-0.26570075 1.28793397
-0.64238762 -0.0800919
1.37561756 1.28328682
1.65571972 1.98862939
0.10512992 -1.50492423
0.7307482 0.68931473
0.97250203 0.18233455
-0.65871083 1.60483661
1.30126191 -1.66639417
1.27437837 -0.60499901
-2.18729189 -0.48887153
1.88042095 -0.46064449
0.52428487 0.60497746
0.97498009 1.23521102
1.01226093 1.22653804
1.50472234 0.60956628
1.74943983 0.21734552
1.84229748 -1.52210363
0.45342625 -0.49274872
-1.86138223 -1.35483463
0.14219514 1.59105408
-2.1100968 -0.27807663
-2.46759024 0.13520958
1.09233823 -0.38639591
0.71890972 0.67206677
0.0813241 -0.25360931
1.63712524 1.22205275
-0.76781676 -1.11594015
2.83440169 0.47676878
1.13654879 -0.247094
-1.68147013 0.45476097
2.01906557 1.03884456
1.66672664 -0.88085342
0.83058612 2.06278282
1.15202574 1.05474783
0.84426609 0.39875606
0.58601813 1.78709343
1.11246283 0.33314853
0.18985132 0.78139542
0.30050507 -0.73753615
1.01303916 1.73802748
-0.7368508 -1.63951616
-1.17564568 -2.24334352
-0.57889496 0.28424521
-1.07741335 -1.30270239
-1.20169202 -0.50175031
1.84684034 -1.88536002
-0.76704125 -0.29037462
0.20269426 0.14991903
0.71046671 0.47678163
0.47133015 -0.90258662
-0.77194027 -0.91266134
0.71909154 0.77834129
0.89585061 -1.2493229
0.90640891 1.75442066
0.3308385 0.75781276
1.97337378 -0.14894403
0.57620758 0.27961074
0.0854312 2.16069148
-0.91903445 -1.3831489
1.44538669 -1.53735446
-1.02007827 0.17842056
-1.33673082 -1.16428605
-0.19991528 -1.0347491
0.65719248 0.80449233
-0.6230941 -0.6616607
0.97099012 -0.03684089
0.51556511 2.07546394
0.83106355 0.38526676
-0.80774696 -1.42253431
-1.18742346 -0.85077662
1.15792606 1.31479847
0.07678546 -1.22113311
0.95686152 0.92488631
-0.08286244 -0.93599422
0.49953889 -1.03041655
1.93923423 -1.07363269
-0.54555263 -1.38304192
1.61963128 2.03163537
0.4361576 0.27236108
-2.02785687 -0.59646491
0.35052245 0.33461908
0.46509925 -0.00645403
1.43540733 -1.28527529
2.07294545 2.02855114
1.74795658 0.68262994
1.39872906 -1.19200962
0.67179507 -0.5410089
1.79442874 -0.22793682
0.8733249 -0.77333013
-1.05045111 -0.38111974
1.06099642 -0.14004867
2.86712546 -1.00004785
1.65972768 0.81268368
0.8481353 1.31177528
0.07073334 -1.45092013
0.33384815 -0.93454952
1.23675783 1.45624688
1.68077505 2.49370777
1.1572752 -0.63384027
-1.57804555 -0.9372661
0.29867235 -0.00904064
0.21840879 -1.3985576
1.06886453 1.26699138
0.1106605 1.6785777
-0.14269631 0.95300609
0.17458945 1.91099965
0.69315068 -1.52020674
0.77254553 0.50208555
1.17445458 -0.45108905
1.48956634 0.2571444
1.83452277 0.03007255
1.14943603 0.15399844
1.42358406 1.62688919
-0.45137885 0.33093804
-0.21099184 -1.92737916
-0.78980097 0.47742597
0.88572154 0.9394813
-1.23182835 -1.40020332
-0.28445275 -1.29220062
-0.54511926 -0.69564784
0.86112077 1.06593461
0.35287126 -1.10919594
-0.95592845 -1.61015165
-0.42147913 2.445145
0.45378692 1.18977896
1.0736625 0.93583841
0.68408787 1.18598158
0.03884781 -0.28941617
0.88804215 0.41762975
-0.07544393 -1.90440088
-0.92394701 -0.53216271
-0.47723032 -1.44620744
1.88056496 -1.60106788
1.52185322 -0.68217958
2.24792223 -1.00944233
-0.39731871 -2.18369843
-0.6251426 -1.2796982
0.68947808 -1.4690163
-1.98017935 -0.87772393
1.39792124 0.76703176
0.65272837 0.94763651
0.41536512 0.33728171
1.46939932 0.50474601
1.20044058 1.42619068
1.40296922 -0.61427621
-1.16915721 -0.88894365
0.51257134 0.79672203
-0.11401351 1.00225555
0.72919041 0.64279508
1.48407713 1.4863244
0.10284562 -1.20280793
0.41225729 0.04222843
-1.52025928 -1.27665545
0.96075205 0.52109714
1.07040685 1.37741289
-0.60033511 -0.24938955
1.42497817 0.26628072
0.18814254 -1.39662212
0.80246289 0.18925777
1.32938424 -1.16506294
-1.17615945 -1.41083185
0.18504506 -0.82028939
0.44006046 0.84594695
1.30448892 -0.63256753
1.62437731 -0.67528906
-1.26721456 -1.10695612
1.07891656 1.46008738
0.26832264 1.8478017
0.57117543 -0.77146702
2.28678609 -1.58525007
-0.36356805 -0.94349608
1.04449954 -1.23497768
-1.2835744 0.2216992
-1.02561811 -1.05895631
0.36489114 1.03636178
0.64713371 -0.23763889
-0.77597765 0.45542367
-1.88460934 0.16553458
-2.12939611 -0.67475032
-2.02928121 -0.29270071
-1.98452176 -1.12237636
1.45138996 -0.7167297
-1.83819939 0.04047948
-0.87137255 -1.53641676
0.75062783 -0.50894501
0.73058413 1.06604611
1.27965468 0.08451788
-1.73917155 -0.59334719
-1.3753891 -0.15311394
-1.13759007 -1.40249149
0.17565973 0.20186259
0.40617563 0.77203137
1.06200614 0.54686391
1.50617035 1.01722849
1.02142128 0.9512509
-0.82997712 -1.2805843
-1.62992053 -0.66254357
-0.11049675 -0.86133907
0.37741078 -0.68662175
1.21583187 0.03534157
1.24371846 1.46428066
-0.5037983 -0.704027
0.18081719 -0.56632002
0.62531088 1.01778365
1.176632 0.7264414
1.67575177 -1.49014594
1.28272721 2.35569872
-1.63955895 0.27247849
-0.04318577 2.04729775
-0.55338318 -0.76198278
0.23334211 -0.8350654
1.88555449 1.14804791
-0.99401155 -1.71191134
-1.89126322 0.0722379
-1.01050356 -1.07938814
-1.12399617 -1.62351043
-0.33799164 -0.41347594
-0.45318291 -1.61297728
-0.34281779 -2.90139622
-0.42782203 -0.54736907
-0.89347612 -1.26188842
-2.29439151 -0.0130335
0.62239542 -1.87940111
-0.65024713 -1.85307868
-0.80795764 0.19223475
-0.23797692 1.24883725
2.21721087 1.69607607
0.60415154 1.33322197
1.90795713 -1.57690309
1.27933244 -0.94081493
0.47582045 -0.44086687
1.01324547 0.94257609
-0.36028074 -1.1805264
1.21914739 0.40213298
0.00465609 2.39856926
-0.5298684 -1.6819172
0.55149199 0.20598188
0.20213828 1.54947026
0.74722081 1.42627364
0.19890745 -1.48110792
1.34863668 0.98166543
0.27754469 -1.25510456
1.83873097 -1.23565506
-0.98845596 -1.85524343
1.54568303 -1.13547718
-0.37018843 -2.10497113
1.37026053 1.17230345
-1.07465687 -1.34525007
-0.12128523 0.37897334
-1.54703926 -0.58149809
-0.15445188 1.97899346
1.8486543 -2.00198998
-2.39718381 -1.62035457
0.81760811 -0.90973006
1.17247438 -1.04242459
-1.04889955 -0.82492027
1.24470362 -1.16311152
-1.45426915 -1.02819657
-0.64804212 -1.8545662
1.00962394 -0.29129081
-0.13523233 -1.17066266
0.37193408 -2.00254231
-0.79435798 -1.6135723
-0.29572881 -0.98264514
-0.91665024 -1.84927663
0.46286747 -2.65873631
0.84769399 -1.54972031
0.8762521 -2.53947783
1.10427647 -0.22767348
0.90488955 -1.41773957
-1.65332137 -1.02413253
-0.13025426 -1.8499521
-0.63454172 -1.35494197
1.10953338 0.84855922
0.37285889 -1.05056713
1.85496947 0.86501072
0.90473161 -2.19387968
-1.7150919 -1.32901702
-0.8949674 -2.02707453
-1.06871285 -1.62062998
0.39092819 -0.07444648
0.27603001 1.47711616
0.9766765 -0.07156245
1.14356064 1.81307366
-0.83464216 -1.5268076
-1.34263769 -0.46552097
-0.25821906 0.25559694
0.29984926 -0.08133977
0.48838849 -0.14919226
0.91023062 0.8097599
1.41291587 0.74529883
-1.314326 -0.65632026
1.58194574 1.34158088
1.78209843 -0.09473324
0.53901292 0.64003622
0.69539251 2.29448461
-1.47722187 -1.42774614
2.19539963 -1.21048028
-0.62932283 -2.71165924
-1.57652929 -1.55629428
0.05476051 -1.27515348
0.46434197 -1.05434782
0.99142152 -1.16353556
-1.23423512 -1.61568997
1.54251628 1.30298634
2.15447377 -0.25440715
-1.40336927 -0.59777376
2.22564319 -1.29288081
-0.17739123 -1.7872919
1.66116215 0.62061944
2.48467368 -1.58260343
-1.93260683 0.32328259
-1.76866857 -0.64141329
0.93682495 -0.15483751
-0.69681689 -1.14713217
-0.78627547 -0.28308455
0.76388549 -0.92017996
1.59491395 -1.34649
2.26569227 1.30564693
0.41362537 0.58617183
1.92364284 -1.08422727
-1.36731937 -1.96969431
2.16891904 -2.12759529
1.50376772 0.82610649
-1.95405866 -1.55422956
1.57016388 1.04124791
0.02436138 -0.48290628
1.45032013 -0.09943639
1.91265139 -0.81993528
2.00138977 -1.92638601
-0.63844479 -0.7134935
1.01881499 -1.75999248
-1.60424575 -1.89775239
0.18439511 1.63057854
1.1084632 1.26471376
0.67097698 0.84828797
-0.3353073 -0.80208406
1.01715926 0.39278515
1.57860563 0.06296238
-1.56528783 -1.51950651
1.10580292 -0.07383608
-0.12972849 0.8510818
0.39428835 -1.06476969
0.46105875 1.37747443
-1.32173851 -0.99749176
2.07222712 -1.22854551
0.43761324 0.51731516
1.61360806 -1.0197675
0.71584079 1.50705795
1.04656206 1.21173033
0.8846786 -0.73926093
0.35624452 2.850055
-1.40868859 -1.71659102
1.07498949 -0.86831495
0.92183704 -2.37173075
-0.32384472 -0.00417668
-2.17071121 -0.56454736
0.17881362 2.36053483
-0.41235653 -1.12175095
-0.83196015 -0.92988841
1.64162201 -1.39195401
1.52303183 0.16773853
0.63936114 -0.24454826
1.13500477 0.1900879
-1.54844948 -0.92473668
0.08975722 0.43730472
0.25951177 -1.32845559
-0.99835271 -2.05185525
-1.26428284 -0.40175009
0.84640613 -1.16819907
1.15365669 1.27514405
0.38186996 -0.66553401
-1.15510208 -0.70302317
0.06745184 -0.37803728
1.05338418 -1.18304322
1.43236259 0.74749194
-0.86226094 -0.32126339
-1.19077292 -0.48373494
-1.48330200e+00 2.24697051e-04
1.53129707 -0.61291399
0.44703216 -2.07993056
-0.68068547 -1.66140914
-1.35289246 -0.10502957
-0.1914815 -0.53072582
1.42412884 -1.90318094
1.17569868 1.73833055
0.72829207 0.9580504
0.97251241 0.33574703
2.14925182 -1.9277053
-1.09143428 -0.01951768
0.90826219 1.79315592
-0.43501671 -1.19966592
0.2112114 -1.25205888
1.65229386 1.23797549
1.43766202 -0.12144036
0.87987752 -0.27783866
-0.94912547 -1.14408382
1.0694434 2.10340928
-1.08655474 -0.64652101
2.74190913 2.18717867
0.37254119 -0.37391241
1.61558309 -0.72891557
2.16426116 -0.35189366
0.46400846 1.38905087
-1.64443846 -0.35464564
-0.0250138 -1.963913
0.33675798 1.17111042
0.83151899 -0.5671048
1.06346659 -0.87810724
0.69256733 1.1269369
0.96787844 -0.80072085
0.86696584 -1.28858472
1.16368524 -1.7974399
-2.35591499 -1.10463881
0.33039399 -0.58144256
-0.2543427 -0.74999244
0.76082533 1.01700364
-1.77635091 -0.86516872
0.78369881 -1.03176545
-0.55592933 0.14049304
1.97946095 -1.15828661
-1.2693025 -0.60729798
1.29580626 1.3832364
-0.15007571 0.71574974
-0.91140184 -0.44489505
-0.56901428 -1.25202081
1.55042957 0.67350663
1.5178815 -0.29001162
0.54948416 -0.86953832
0.16779852 0.64522855
1.3878893 0.53091187
-0.51456589 -0.78403408
0.13285779 -0.09739757
1.12953546 -0.94929553
-1.30045673 -2.58357054
0.72857919 -1.4247149
0.78191323 1.03931574
-1.70228603 -0.8777593
-0.24333733 -0.37743686
1.40994756 -0.525338
-1.22488126 -1.34199635
-1.35373851 -2.41279731
-1.59941198 -0.11808727
-0.15526488 -2.77695779
0.88853932 -0.18944163
0.67965158 1.26026776
2.09427334 -1.64860579
0.92873643 -1.10435401
1.43293564 -0.87178715
0.6940946 -0.51128118
2.30729127 1.63423126
0.71776819 1.66458387
1.9592801 -2.34567028
0.63741654 -2.68865319
-0.90931184 -1.98417696
0.61389632 -1.3773836
-0.72281665 0.26805399
1.6552904 1.47486607
-2.17931027 -1.34959173
-1.87196069 -1.81983323
1.02704139 -0.15970057
-0.64533168 -1.43555783
-0.7417779 -1.2004228
1.32640303 2.20038213
1.95272929 -0.00554167
-0.90863318 -2.16520128
0.20658739 -0.50088864
-0.33694301 -1.02050608
1.23140373 1.66447253
-0.06452967 -1.08402879
0.69135416 0.80375115
-0.48648359 0.40830498
-0.46310668 -1.71820508
0.57668144 -1.98622367
-0.82341045 0.59992083
-0.19438913 2.36554278
1.69363642 0.86930362
0.81015486 0.07797765
1.47352251 0.73259373
0.95979535 -1.22804343
0.49057382 -1.00884038
1.04484038 -1.74464598
1.30930865 -1.57180275
1.24288531 -0.82357831
1.99538289 1.31945435
1.21163886 -1.56436499
-2.31118376 0.0996753
0.7253277 -1.13230014
1.17072465 -0.29604489
1.04801946 0.80940673
0.00183469 -1.34408666
-1.00207533 -2.24393052
1.63924135 2.54791303
1.34910887 0.48344775
-1.70658041 -1.72580701
1.24624608 1.26546487
1.32363892 -0.90910193
0.40318991 1.01607183
-0.20271833 -0.31201115
1.64460118 1.22310936
1.01896928 1.08598332
1.37592418 -1.20078465
-0.39413237 -0.10816882
1.88883533 0.50310207
1.02534842 -1.50165039
1.31755812 -1.26063535
-1.50869842 -1.15201418
-1.1971028 -1.41257069
1.08762223 -0.9487931
0.27870993 -2.01931511
-0.38545308 -0.2273582
-1.30348803 -0.97340279
0.30406955 -0.88148433
0.62993054 0.92439731
-2.02321684 -2.0841573
0.36102444 1.7819114
-2.96746764 -1.10545755
-1.23170742 -0.68479782
0.33787194 -0.26877438
0.54260865 -1.69385802
0.62722144 -0.63120469
-1.76967212 -0.93909903
1.56389504 -0.03117134
-0.18867407 1.27109633
1.20500951 -1.83743228
0.6214565 -1.08657148
-0.92847517 -0.64650369
-0.59614578 -0.42715239
0.47434551 -0.10564375
-1.3674576 -0.8079081
-2.15696255 -0.25385123
0.74157271 0.83243458
0.03915925 -1.60019988
1.70093171 1.41804875
2.04177654 2.32712242
0.31322887 -0.88437185
1.84407299 -0.70671959
-0.37453054 -0.62685227
0.4108424 -0.67756574
2.40984211 0.78526396
0.81011799 -1.47849728
0.74471452 1.1096927
1.30385811 -1.05432558
0.59651311 -1.7751019
1.37808612 2.60332695
2.10520564 0.44314961
0.40520623 -0.63450347
-0.85494782 -0.59150105
1.43711312 -0.96180703
-1.74100033 -1.35630409
0.5256147 -1.3538277
-2.41367806 -1.6889463
0.16033744 -1.05532427
0.43034386 -0.01438233
0.64592678 -0.02898816
0.34708136 0.11585216
-0.87745278 -2.48291544
0.3427129 1.71191469
0.08100523 1.9904119
1.27042469 0.06166795
0.77442052 -2.02820611
1.85022543 -1.27493074
-1.59435101 0.14065003
0.4457965 -1.40806038
2.11493953 0.81899916
-1.54895497 -0.48809447
1.66506189 0.89404995
0.5069612 -0.2477073
-0.52248136 0.0959311
-2.33961987 -0.5355069
0.92881191 1.01349557
-0.50875164 -0.9487002
0.04014845 -0.86080301
0.46361406 0.02560562
1.73792454 1.66558359
2.21290483 1.47915077
1.37683072 0.90028821
1.47754097 -1.00784991
1.15603754 -3.02476388
1.64205508 0.96006999
1.12874785 0.73015717
0.22336571 0.61673733
-1.10161917 -1.37543276
-1.80669101 -0.37823761
0.46780715 -0.20539085
0.72447795 -0.88674652
1.17273622 2.06817029
1.16059261 -0.70991589
-2.10022552 -1.01949387
1.19216145 0.37635944
0.6776824 -1.88341345
-0.42454655 -1.14925067
-0.26889152 -1.08723261
1.61131829 1.83981532
-0.83517483 -0.92138462
0.92695956 0.30839864
-0.7276985 -1.23761803
0.96532473 -0.83382081
1.00724452 1.50402363
-0.87793887 -2.53557835
-1.84759895 -1.2756136
-1.65458905 -0.73272319
1.51129283 -0.65357505
0.68438614 -0.67442477
-1.47956789 -1.49666471
1.53827742 -0.57545163
-0.05746492 -0.59860867
1.66349273 -0.93094755
1.51269681 0.73734432
1.5678329 -0.89544736
0.66834668 -1.95152409
-1.87453696 -1.49684957
0.25784297 -1.14303726
-2.03261234 -0.2925144
1.32786966 2.2151153
0.82179836 -1.16913801
1.28061998 0.99323993
0.77140732 0.99425308
-0.23871758 -0.48248683
1.19594722 0.93129473
1.14508952 1.2154128
0.43389773 0.22711321
1.09322592 -1.37917484
0.67770405 -1.33297716
0.33888762 0.71296521
-0.61396852 -1.56876123
0.20066901 0.08232074
-1.07283417 -0.38314254
1.43104014 -1.19467752
-0.28101999 0.51291542
0.44793152 1.76624686
1.02590401 1.53753169
0.68864342 -1.32005173
-1.02504056 -0.44639695
0.34042749 -1.32544932
-0.56659155 -2.31201945
1.56143622 -0.29257239
0.30324799 -0.09034131
-0.58328978 -0.18509376
1.53813945 0.70507069
1.12804241 -0.52621786
-3.1045491 -1.03301611
-0.94523119 -0.73601859
-1.08014093 -0.82385883
0.52927769 0.74831279
1.00023867 -1.04354336
-0.50749011 -0.3495984
-1.13268197 -0.70038033
1.87590463 -1.94000663
0.24569136 -1.02140071
1.29770852 -1.06162788
-0.5510633 -0.41630414
1.60054675 1.79877131
2.29471387 0.85008334
-1.27541438 -0.99809772
-0.86042205 0.36203297
-0.6521748 -1.46552913
1.48699461 -1.15406197
-0.0540035 -1.51671032
0.43064502 -0.02649703
-0.2421294 -1.10471265
-1.096229 1.61665629
-1.67698895 -1.70738235
0.54946712 -0.55638221
-1.17936289 -0.39963666
-0.14133522 -0.53355182
1.53514822 0.81213909
1.06906722 1.13802674
0.26176008 1.57417349
-1.61881031 -0.13609917
0.84416512 -1.34403951
-2.14288634 -0.48639356
-0.51575083 -0.60492825
0.40041548 -0.07911118
-0.35631819 -0.77868786
0.1906723 1.54683867
-1.53687412 -0.17675781
0.27714983 0.69427616
-0.20625978 2.25827757
0.69823256 1.40092596
-2.18000964 -0.91776751
0.95774625 0.50227158
1.23137292 0.89830788
0.49324991 0.21626024
0.30098933 -1.70653869
-1.31748717 -1.69413985
-0.36199216 0.36105155
-0.82764407 -1.64258901
-1.64742515 -0.76933429
0.79571385 0.46695545
1.14492014 -0.47150905
0.89600554 -0.19419398
0.99296047 1.86660486
0.9906409 -0.3671004
-0.17181631 -0.49677198
0.7564615 1.10944428
-3.61807045 -0.31849624
0.81258652 0.21039207
0.70437962 1.07329982
0.35578334 0.05665624
-0.38976905 -0.7378498
1.3263165 0.74083029
-1.29807111 0.4057045
-0.78709287 1.45753302
1.07899474 -1.42924267
-0.01257429 1.56020856
2.23483664 1.28011005
-0.28903033 -1.23210383
-2.13419187 -0.22566597
-1.27205008 -1.45275441
-1.49790003 -0.21043036
-1.50845608 -1.12072102
1.0702201 -1.65715402
0.05611084 1.88548833
0.40787023 -1.16485232
-1.54928119 -1.23490645
1.05903655 -1.20837128
-0.45579625 -0.98939725
0.57953971 2.08657023
-0.06527861 -1.28929236
2.03944792 -0.48672301
-0.85798327 -0.1273134
-1.12407263 -1.26568788
1.10955458 1.16252673
-1.70638682 -1.95588691
-1.44480131 -0.40301916
0.2583321 -1.22537387
-1.69893925 -1.48035366
1.01871687 1.12841518
-1.12152577 -0.37123156
-1.23010938 -0.53522445
0.71994109 -0.76594977
0.94331824 -1.36718373
0.74088508 0.32852123
0.87196651 1.6273739
-0.98162737 -1.08003461
0.75220426 0.03753409
1.75170097 0.7070788
0.6034921 0.78461611
1.75412042 -0.43223723
1.60967325 0.38542057
-1.33602356 0.2801428
-0.25114533 0.11678292
1.92339581 0.38230683
-1.00414918 -0.04375795
1.09666609 -0.64122096
0.14744304 0.78652545
-1.97638813 -0.44311531
0.68214375 1.06016638
1.16437507 2.49250739
-0.88634587 -1.00720392
2.00334675 1.29287861
-1.54405963 -1.2100025
0.63275172 -1.96676769
-1.88643987 -1.04304633
-0.03769402 -1.31818197
1.20621959 -2.52997567
0.75252453 -0.95556142
-2.12128867 -1.02653494
0.76151536 0.11577896
1.0203855 -0.60831671
1.13401561 1.61635784
-0.17009468 -0.63459152
1.39710319 0.84412743
-1.2403925 -1.59304712
-0.52420339 -1.27008205
1.13875516 -1.33892618
1.56642621 0.16133498
0.55490775 1.47350331
-1.7243567 -1.54400326
1.52877699 1.60718519
1.39739534 -2.49047197
-1.06372287 -2.28028364
1.20499984 -1.07470045
-0.96688685 -0.83226326
1.24681903 -1.37651932
-1.95890165 -0.45437763
-0.14870225 -0.79540208
1.39658172 1.10241311
-1.11521631 -0.70977054
1.48287272 1.91129236
-1.09652979 -2.05024729
0.99775379 -1.21170321
1.66397305 -0.13810674
1.09210178 0.01610797
-0.9324646 -1.82237407
-0.89366963 -1.40405794
-0.515186 -0.19879317
1.16188249 -1.98958538
0.10460529 -1.72995562
-0.65094175 -1.39038122
1.83170515 -0.6559381
0.50655505 1.47598239
-1.43475789 0.21420052
2.50718385 1.32781344
1.73151636 1.41932767
1.24833039 1.43182059
-0.58198297 -1.62543677
1.02127029 -0.46449862
0.87114943 -1.12744278
-2.08004501 -1.28123462
0.10396175 -1.56896147
-0.33872811 -0.48030574
0.75681138 -1.63488976
2.2118993 -0.74848662
-0.80282781 -2.06804426
-2.27112219 -0.47423028
-0.42681244 -0.90165286
-0.5340875 -0.99746859
0.45696553 -1.78930713
0.60150003 -0.58770953
1.31764734 -0.28081829
-1.13145645 -0.65914389
-0.90143254 -0.66855822
-1.64537736 0.24183944
1.9633419 -1.29758305
0.66382568 1.65527529
-0.22754736 -1.4026792
1.29246041 0.13184856
-1.13166282 -1.72502341
1.44072804 -0.55074952
0.31940832 -1.03565435
-0.72140117 -0.83355426
2.04613918 -0.44898952
0.08857982 -0.57067164
1.02316283 0.40208712
-1.23116653 -1.58436501
2.10758948 -1.26910667
1.71485732 1.49608669
0.27482333 -1.41590917
1.8097467 -1.35852699
-2.07143137 -0.77066377
0.96547315 1.16732352
0.81239764 1.56171948
-0.23408311 -1.76596867
2.18809019 -0.24924941
1.48475494 -1.54163434
-0.56472493 -1.56226763
1.12382471 -1.76161018
0.31931798 1.94235475
1.78211372 0.63676986
-1.88304422 -0.64019707
0.08428022 0.29318981
0.84010627 -0.53954813
1.37127212 -0.60242378
2.1421182 1.26443142
1.42934442 0.29058998
1.58845393 -0.81722567
1.42834903 0.06095229
1.04192628 0.85123387
1.08690111 -1.4997326
-1.07170592 -1.43386334
1.98106639 1.11090369
0.64235167 1.54230982
-1.06584372 -0.72170435
1.43224572 -0.32644433
1.71363966 0.14996646
-0.79295464 -0.41018784
1.40022639 -1.03211288
1.23102458 2.55816103
0.78044999 -0.14761212
2.12596551 0.60689488
0.80756849 -1.09600716
1.47428992 1.91502869
-0.78560926 -0.3005951
-1.61260832 -1.41546422
1.49025014 -1.15069126
-0.30426843 -0.54061054
1.67667276 -0.83187425
-0.85313515 -1.4603606
1.50398861 0.22796565
0.6297911 1.1215983
2.88735684 0.94825273
0.47240687 1.09638288
0.91965727 1.21612587
0.50233705 -0.9633572
-1.43534971 -0.88536069
1.05782772 0.42492584
1.53118068 -1.49695117
-0.92591575 -1.60235682
-0.79181604 -0.74584073
0.03369847 0.62485981
1.40361357 0.85419087
-2.19582455 0.14098757
1.48892 1.00263962
0.38845856 -1.74042773
1.7060181 1.36931817
1.03186538 -0.55754218
0.90766395 1.28333327
-0.08377803 1.37238225
1.57511 1.00370485
-1.27479708 -1.76455256
0.65977185 -0.63285768
0.44762847 1.00087392
2.11294609 -0.31488893
2.26101113 -1.2231214
1.23607006 -0.90274447
1.33678059 2.93154858
0.37317341 1.27083175
1.38764684 -1.41123703
-0.01260452 -0.10787995
-0.37593928 -0.45081127
1.30999228 1.15287795
0.172407 -0.96567225
-0.57672258 0.16781774
0.66172532 1.00179983
0.68092226 1.99831113
-1.17965509 -1.02693366
0.91728517 0.52387526
-1.55839193 -0.67143944
1.7843249 -1.79091406
1.48330032 1.55767048
0.66606059 -0.88058126
1.61370838 -2.05347681
0.28737069 0.94550167
0.31014248 -0.03028451
0.62710805 1.76352481
0.53203308 -1.15384109
0.49889455 -0.38162221
2.23441729 -2.47047572
0.33996079 -2.16616925
1.72025484 0.94939909
1.82747146 -2.09945822
2.0065587 -0.1875673
1.1385771 1.75735465
0.78346487 -2.09104634
1.89808685 -0.96755341
-1.21616204 -0.86092892
1.02967606 -0.83844827
1.87063057 0.19879871
0.76752841 0.49499809
1.75696322 0.55803681
2.23288629 1.52786696
0.98959961 1.57498416
-0.71533993 -0.66156979
0.95898941 0.77771983
-0.78115623 -1.13542472
2.30729059 0.31590548
1.55260317 0.37263962
1.31070426 1.23357203
0.55597453 0.74608118
-0.71118111 -0.63152554
-0.31237111 -0.27378864
1.38917388 1.62473172
0.01582596 0.58695965
-0.71301235 -0.71955174
0.64222906 -0.52136377
0.74446135 -0.25392928
1.18976369 -0.20448666
1.39641931 -2.16355396
1.3105228 -1.14678887
1.7549999 -1.29835422
2.0639964 2.20371252
-1.53954901 -1.33659174
0.26601292 0.00598744
0.74731032 -0.21590996
0.63523037 0.3182149
1.1241983 0.71875334
-1.30297909 -0.73752189
0.84417602 0.36084455
0.41240785 0.1643948
-0.95464998 -0.338598
-1.34287975 -0.5388385
0.80678198 -2.64580697
1.33382886 1.10391471
0.98902252 1.11264972
1.32011675 1.67363922
2.01405132 -1.38965816
-1.0330944 -0.53509917
-1.27728624 0.57799859
-2.66053571 -1.96722151
0.90946139 -0.93493504
0.1315147 -0.92213294
0.83907004 -0.51773767
0.58974268 -1.14408774
-1.05708396 -1.38714334
1.42189536 0.58374516
-0.54926715 -2.00869447
-0.60022312 -1.38058582
-2.09341004 -0.29572505
1.66976599 -0.80421765
0.73878218 -0.90127429
-1.19631345 -1.82619992
1.59957366 0.13870454
-0.54945811 -0.51777233
0.32764693 0.44481785
2.31820549 0.05656866
1.00273631 -2.02323993
1.92852315 0.3247755
-1.07177064 -1.29741631
1.32419123 1.19536704
0.546973 1.33057301
-0.35685019 -0.86618853
1.10874485 -0.6168018
0.72146153 1.54780522
0.59592951 -0.16201008
-0.57957636 -1.00927519
-0.27288749 0.24015967
1.81783155 -1.73133736
-2.31411897 -0.23816535
0.72038568 1.25903912
0.54171848 -1.55517867
2.04585535 0.85638922
-1.21641796 -1.25789081
0.59113452 1.23457393
-0.93948323 -0.82660554
-0.21593469 -1.83331901
1.67122131 0.32924472
1.52063407 -1.50763209
-0.77445644 -1.96235607
0.27796228 -0.00099388
0.68586309 -0.22093143
1.19292047 2.00453457
1.26583997 -1.33289479
-2.07960171 -0.39649636
0.51002204 -1.02677054
0.6118338 -1.89312242
-1.79207747 -1.20736216
1.56322401 -0.82161736
-0.37510429 -1.33152284
-0.21119324 1.41211968
1.85740939 1.04539927
0.58258017 0.96320289
2.07474048 -1.12946599
-0.4668071 -0.69768016
1.60381721 -0.85893337
-1.24855819 -1.52609829
-0.43058343 -0.66869658
1.23734148 0.58725757
1.29249759 0.97198689
0.94921761 -0.56365427
0.4952552 -2.3586177
0.59864282 -0.70257736
1.40162934 -1.68381225
0.04815349 0.97101943
0.4304828 0.63485094
0.95656281 1.88141699
0.6446148 -1.09833843
-0.14689654 -0.24347203
-0.21810661 -1.19148904
-0.9403232 -0.93040461
0.20648502 1.69773175
0.61195841 -1.81818123
1.19899577 2.21986815
1.02917426 -0.45853782
-1.74560367 -2.51456271
1.09797398 0.15407143
-0.76317912 0.01275445
1.14779644 -1.1824558
2.44471012 -0.91747323
0.67654572 -0.3607551
1.19296658 0.50413046
0.34704767 1.87032357
1.37394082 1.22251957
-1.51367171 -1.37270636
0.96842069 1.05538521
1.67567606 -0.66632452
-1.01806683 -2.09368611
1.00791718 -1.64782376
-0.79891988 -1.00201327
-1.71599853 -1.8054844
-1.13191436 -1.82308449
-1.55052789 -1.82353121
1.20701621 -0.20863787
1.18627376 -0.9513088
-0.37959476 -1.0386813
0.94455344 -0.93422219
-0.20759641 -1.3926867
1.06840748 1.40806758
1.54088639 -0.1631188
0.90483521 1.79582395
1.23012715 -0.34158892
-1.71533933 -1.80530644
0.85475356 -0.7961489
0.34072917 -1.49198422
1.16624481 -1.37292862
0.76634633 0.98590963
-0.23099285 -1.08894701
-0.99021083 -1.40525965
0.92142656 -0.46157337
-0.50448949 -1.01533787
1.9001888 -0.05489888
0.29175814 1.0594777
0.5326011 2.17734522
1.80175298 -1.10541658
0.91571535 -0.03552119
0.7191357 0.43994227
-1.58527392 -0.7682353
0.93069418 0.26454231
-1.60285089 -1.35671659
0.08117406 -1.28963375
2.66993514 -1.82526096
0.67548282 1.33703703
0.27887971 -1.47333735
1.91462422 -0.68526825
0.04551919 -1.60097166
-0.3429904 -1.7134758
0.61999697 1.29123503
1.99132998 -1.2362248
-1.91713811 -0.24460855
1.51216125 0.95415814
-1.23384406 -0.36463896
-2.14365721 -0.37268296
-0.08687638 0.47710747
-2.36470025 -1.6720739
1.30800059 -0.66717093
0.92262154 1.7141209
-1.9309243 -1.24884634
1.81552719 -0.50081578
1.70859253 -1.02952398
-1.59606581 -0.70447077
0.01566627 -1.39604693
0.41583738 -0.52899067
-1.04456304 -2.10595137
-1.64915405 -0.3781628
0.42775483 0.01905689
-1.14700038 -0.26349257
-1.31354039 -1.13910054
-1.81511392 -1.89495969
-0.84396593 -2.51014946
1.7109657 1.49072894
-1.12535768 -2.0860088
-1.82714192 -1.23456391
0.51851367 0.15014582
-2.13012268 -1.14601953
-0.60698506 -1.88171732
-1.24735682 -0.47993432
-0.10774613 2.57052133
0.71441973 -1.93156272
1.10826818 1.72909787
0.72925722 -0.01315909
0.66383057 0.63372434
1.2595775 1.09944326
0.12304325 1.54424325
2.02679162 -1.38789021
0.31181727 0.37117462
1.03159381 2.63773736
-0.85486617 -0.46859033
0.53804011 1.14911202
1.79649106 -0.1071155
1.1692168 -1.10160627
-1.36102958 -0.11524886
1.56887183 1.41108157
-0.95428608 -1.54145896
1.0754714 -1.12148671
0.72502535 -0.86431778
0.4972532 -1.44336322
-1.29035136 0.22953505
-0.20919365 -0.75569751
-1.64428534 -1.11220035
-0.70998522 -0.91322826
-0.47725692 -0.24902353
0.75678454 0.59311207
0.32998933 1.70978051
1.57258433 0.80476001
0.58187875 0.83345479
-0.08530054 1.29212317
0.07886481 0.67689078
1.05036737 -0.84399917
-0.85423678 -2.06320806
0.32094442 -0.12823642
1.65128595 0.87727852
-0.70629505 1.78044719
-0.03801835 0.0834115
1.67812108 0.48875003
1.43641753 1.62347018
1.16884277 1.78944854
0.49093068 -0.40401393
-0.51064799 1.92298571
-1.23293114 -1.14280551
1.62668219 1.96247485
-1.02982135 -0.72819783
-0.8082297 -1.92846494
-0.89005138 -1.68632147
-0.53142527 -0.48297508
-0.79551487 -1.41433568
0.85717519 -1.66341826
1.25513687 2.02992537
2.28672704 -1.68885788
0.83229045 -0.00583983
0.73901192 -2.04036506
1.28322435 0.15517905
1.72130679 -0.43312653
-0.17526744 -1.85408201
-1.51741844 -1.04110834
1.412322 -0.50134847
0.2969741 0.30126579
1.26729407 -0.65682284
1.19671607 -0.56277355
-0.5463717 -1.26742668
0.92265742 -0.16248987
1.13951014 0.96457752
-1.4402865 -0.25094924
1.60153153 -0.80144711
1.06032379 2.53362861
0.99272009 -1.36465758
0.67048025 1.19095747
0.54993321 1.10508066
0.56248083 0.72672511
1.09835317 -1.59855933
1.69817514 -0.59647265
-0.52430249 -1.29665177
-2.19884053 -0.57093334
0.45289503 -0.04276158
-2.61924135 -1.2212991
-0.02424396 -0.20298122
1.23441075 -0.82914041
-1.62818665 -0.06463544
-0.93990983 -1.34574869
-1.24026454 -0.95045815
0.80627723 -1.39258897
0.10271481 -0.40561935
0.81443008 -0.67837619
-1.68475443 -2.0661001
-0.80212509 -1.76477857
-1.63145038 -0.77530037
-0.02321288 0.52159216
0.24445978 0.92004211
1.13576519 -0.11778468
1.93983541 0.4820449
0.69867666 1.80456557
-0.68860259 -1.00263397
-0.57848556 -0.38870887
-0.61510019 -0.99937005
-0.86015077 -0.34105647
1.20925267 -0.57392911
-0.28707105 -0.08084219
-0.31740311 -1.9305356
1.01706047 -1.0117168
0.5595482 -0.69226732
1.56975654 -1.41603238
-0.43136649 -0.61760969
-1.54123476 -2.04295311
-1.55164762 -2.00844264
-0.77365043 -1.95857379
1.78864515 0.24404794
2.50470217 0.93682931
1.71525341 0.61322153
-1.27497442 -1.2353917
-1.03121957 -0.81790697
1.02723609 1.43859498
1.32170943 1.1960405
1.20909956 1.63745197
0.64372322 -1.86173502
0.64802831 2.68871758
-2.64754828 -1.7036011
1.35377086 1.25147441
-0.41925911 -0.71063049
0.36623271 -0.13204162
1.19265512 -0.90214893
1.46313143 -1.62442697
1.13524949 1.90813946
0.68571363 -0.19131353
1.38329798 -0.80623165
0.09091929 1.89325274
-0.89912546 -0.83657934
-1.71321992 -0.51181321
-0.63125281 -0.92925741
0.68112725 1.01223541
1.30774136 -1.35938732
1.18530362 -0.27793419
-0.0906869 -1.60890583
1.0170225 -1.41570334
-1.7886126 -1.66766309
-0.70590086 -0.60975924
0.78369092 -0.17320266
1.75473811 -0.79142927
2.14063266 -1.06933129
1.67239006 1.15808834
-0.71331376 -1.55971545
0.9001186 0.14065451
0.44225729 2.08364676
2.48987684 -1.27246856
0.47045453 1.21105984
1.47422352 1.03627427
0.06663984 -1.04009684
-0.72353627 -1.35272292
0.90024272 -1.23081966
-0.33812285 -1.14096918
2.15369445 1.11495943
2.6027395 -1.16978938
0.45799344 0.81142716
0.95188846 -1.16192351
-1.90745227 -1.0651169
0.52232689 -1.62052391
2.51981546 1.463452
-0.29148219 -0.03106929
1.54187303 -0.32683177
-1.46341699 -1.52284144
1.23285071 -0.12013721
0.53130003 -0.96824035
-0.4134538 -2.70622512
-0.12783762 -2.00564847
0.8829232 -1.42282316
0.48575716 -0.82718155
0.3417137 -1.22138414
-0.42330097 -0.91386976
-1.86982486 -1.01938892
-1.63522619 -1.13468295
0.05795871 -1.02974868
0.70825954 -0.87203845
-1.53418106 0.06293805
1.25728143 1.13321809
1.00856239 2.09848173
1.94367923 -0.8981665
0.43081808 -1.42374821
0.33636791 0.00458812
0.97814357 -1.0935167
-0.17690192 -1.10541906
0.94881625 0.09183424
0.75515247 2.41643036
0.40510748 -0.49288745
1.14579248 1.68364733
-1.26374888 -1.63632263
0.31149586 -1.3933956
1.57422526 1.95196398
1.37262099 -1.56001945
-1.80542395 0.78811459
1.84689509 0.01572666
0.40690708 -0.7623569
-0.95555666 -1.15497335
-2.3604198 -0.64419057
0.45234312 1.43758306
1.6444426 -0.87346618
1.10638264 -1.15559091
0.1200325 -2.62303749
-0.89536977 -0.44795947
-1.49246072 -1.43051459
-0.54497062 -1.25491887
1.30488231 0.58054301
-1.21721759 -0.92667147
-0.79344695 -1.76913792
1.06871357 -1.82209571
-0.85207388 -1.14167598
-1.98757632 -0.88456109
1.76976172 1.45868461
1.94133228 -1.58204468
1.00451281 -0.71282665
1.13847972 1.06842556
-0.67327454 -0.88722557
0.98002979 0.77268881
-2.05022986 -1.5729529
0.93767052 -1.40417737
-1.77535283 -0.83551596
0.30781053 -1.30191227
0.39960816 1.09481826
1.58285552 1.22894635
1.45807539 -1.31494384
1.09535595 -1.7416146
1.01530015 1.02977735
1.53958587 1.17021775
-0.78018202 -0.73898679
-1.3294058 -0.86912057
1.34300845 -1.87852728
0.80319522 -0.17446531
-0.21262913 -1.26138851
-0.64120644 -1.25138162
0.71140977 0.71757857
0.04046801 1.60595705
-0.28769675 -1.14800003
-0.87159995 -0.7984592
-0.68649124 -1.52902553
0.28962186 0.5783677
0.44779782 -1.89813287
-0.76030085 -1.15639828
-2.39248863 -2.07839058
0.54107502 -0.81999205
-0.09059897 0.64507566
2.05533087 -0.84884906
1.03203096 0.8689713
0.10080054 -1.02965167
1.60830444 1.12892689
2.21585072 -1.29248411
-0.5916424 -0.35137666
-1.16260581 -0.48974909
0.99766799 -1.06785909
-1.85125361 -0.90152967
1.07178647 -1.67452657
0.12318466 0.58957598
0.82569685 -1.18804825
0.39714202 2.33704547
0.96191819 -1.57173151
1.06127203 1.65712281
1.17454285 -0.61601376
0.12341113 -0.90246652
2.5341439 -0.97232953
0.27747757 -1.12415304
0.5325958 1.22887382
2.33354455 0.98965595
2.05940791 -0.09555024
0.2850018 -1.14063986
0.78966485 0.75147989
2.53867875 -0.68756659
1.10320408 0.31577459
-0.11568766 -0.28713883
0.74369709 -0.48893433
-2.19974077 -0.71644381
1.45938169 -0.58543782
-0.99281953 0.26101445
-1.07871063 -0.37149508
0.61399801 -1.24505112
-0.63132708 -1.3974623
-1.47312419 -1.28925192
0.98895455 0.65578892