0.00057187 -1.14934639956
0.09144139 0.0913140083794
0.09683479 0.0966835240333
0.13693797 0.136510390143
0.19527392 0.194035252505
0.24976729 -0.123838139635
0.26681273 0.263658284747
0.42522106 0.412522163019
0.46169297 0.445464463469
0.49173417 0.472155294175
0.51167214 -0.263191383754
0.51613003 0.493517993748
0.65014286 0.605300128562
0.68737352 0.634509327341
0.69638174 0.641446075528
0.70193469 1.09900118952
0.73364287 0.669579780996
0.73377945 0.66968121787
0.82677099 0.735748344309
0.8491521 0.750720533999
0.93130106 1.49261340292
0.99050745 0.836304301109
1.02226125 0.853289302978
1.05814058 0.871444956283
1.3277333 0.970605329114
1.40221996 -0.201834032854
1.43887669 0.991311216828
1.46807074 0.994728365312
1.51166286 0.998252126154
1.56712089 0.999993245593
1.57757816 1.21570343388
1.72780364 0.987699652019
1.7388293 0.985915646413
1.98383737 0.915904395296
1.98838418 0.914069859049
2.07027994 -0.516690127122
2.07089635 0.877534604956
2.08511002 0.870630545596
2.08652401 0.869934081667
2.09597257 0.865235591787
2.10553813 0.370075749
2.23946763 0.78464607529
2.4578658 0.631686552992
2.57444556 0.537227991006
2.66582642 0.458019714487
2.67948203 0.0807511860166
2.69408367 0.432721158392
2.79344914 0.341153282781
2.87058803 0.267699531349
2.9327752 0.207303184956
2.94652768 1.34959235345
3.31897323 -0.176451854961
3.35233755 -0.209188374534
3.39417766 -0.249907779228
3.4260975 -0.28068223884
3.43250464 -1.63529378606
3.45938557 -0.312470754007
3.46161308 -0.314585948453
3.47200079 -0.324429114434
3.4987918 -0.349651545066
3.60162247 -0.293711221778
3.62998993 -0.469211145768
3.74082827 -0.564011437069
3.75072157 -0.572153264786
3.75406052 -0.57488849184
3.94639664 -0.955863614657
4.00372284 -0.759230658042
4.03695644 -0.780436587002
4.17312836 -0.85808858829
4.38194576 -0.945898628615
4.39058718 -0.673077500303
4.39071252 -0.948706725128
4.47303332 -0.971490933835
4.51700958 -0.980974083154
4.54297752 -0.985684165961
4.6375429 -0.208281280329
4.72297378 -0.999943981532
4.78944765 -0.997032449549
4.84130788 -0.991701461931
4.94430544 -0.973227696465