-12.8773195 7.30712844
7.02207008 13.48197181
19.17524058 -13.67203908
-7.87752413 7.27903101
2.97335847 -3.75044254
18.54762882 -20.10089125
1.75924283 11.14847195
-13.97977397 -22.78312954
-2.00348833 -16.79750949
-17.11876802 13.42154959
-2.68353287 -3.72847032
-20.80995002 22.79204933
6.95180723 -16.484342
21.82222745 5.99706674
18.29401544 18.35307093
-2.21241039 22.03888735
-12.75433363 2.40842157
-18.43143612 1.50424641
-7.65432347 -7.24439482
23.37629399 -17.42446911
-20.96336285 21.38778289
12.54309885 -2.6414868
-21.01769458 -12.51583862
16.67309281 16.08881176
-12.14023164 15.50502924
-6.88159321 -18.45897985
16.32371629 -3.40523513
-21.87485299 -17.51129788
17.65291546 -7.43338367
2.78795007 -17.06361532
-22.11535497 -12.1489141
-10.67372619 20.81438902
23.44161136 22.18972404
17.00864316 -10.69876022
-21.13478051 -18.24032172
-5.73530793 -3.69422951
21.4272924 13.04988956
-21.86982922 -14.15744243
-8.97704107 -2.94630092
-18.39191783 -20.33834814
6.83056606 1.79673479
11.5975274 -14.46210421
-12.07292607 23.0484046
21.84020053 16.69059959
-7.26274799 16.50127547
-17.57243442 -11.74022104
15.51942824 3.49369664
-22.92317087 -1.86562274
7.06114624 19.00249089
17.56846758 20.6902504
16.3143225 5.67847581
11.3276064 20.71360201
-11.55871762 -3.26392592
-22.79148948 -12.79347699
17.62532151 21.89054466
-17.14796111 -16.69523033
13.42517085 -8.71731339
8.58103821 13.05326098
-16.86039114 20.20027278
-2.23710606 -6.96093985
-7.92290893 -17.51616468
-12.7267752 -21.7199215
16.28922019 22.85106245
-6.37510797 17.39344302
-17.16481503 -1.1008584
-15.50065213 -21.43578936
20.91303951 1.9552255
2.28213559 16.77109544
11.37351468 18.07654033
-2.29093216 18.89173718
-2.58338501 2.16202307
6.57751583 3.32700134
18.26732236 -21.6809225
-6.42208389 -12.85713519
-6.32984706 -17.66047789
-1.89558251 17.68690237
1.43075147 7.48818756
3.67641939 -13.46470783
21.17918559 -5.9081092
12.24791608 1.45111439
-14.38959806 -8.92061432
3.22777285 1.7495092
-17.12138839 -6.58950252
18.28733617 -14.89043376
-1.98282803 16.24928098
-21.80188662 3.12321663
-7.69241504 11.36018255
-21.47839447 -11.12702329
-2.28857908 17.46472728
-22.10529292 7.68887812
4.47717701 -10.23463606
-3.33582809 -21.98122217
2.42285371 2.04727146
6.35575803 21.21332761
-6.97503607 10.60484159
12.22747876 -2.15956893
22.399078 -17.25287418
-6.16748445 -16.14513909
-6.70265066 8.02238116
-8.41294912 -22.28799796
6.81803101 -17.02117842
13.43578697 7.64619567
7.90493261 13.69670974
12.01918264 11.93776332
12.59720981 -12.08193616
-11.53759646 9.01852706
-22.2165825 -18.82693119
-6.76459715 18.2788078
11.38701661 -4.70935065
-21.84846718 -0.64432107
-7.86128942 6.26133207
-1.83841283 -0.76116432
7.56719434 7.41705026
-16.96500236 -17.27392566
21.86894566 -3.7577279
-3.22029561 -10.146826
-1.13250572 8.65139071
-1.99993524 -11.8792162
-8.04791285 -13.29569226
10.85162162 9.10385974
-19.11402411 21.11609508
16.42544767 2.44172868
20.59579333 -22.71185478
2.89114603 17.06815761
-17.19161567 -2.63843077
11.85849848 -2.18733324
-2.09838101 -5.19290442
-1.68671065 -21.22141001
-3.32070108 12.09182749
15.80535075 3.05507954
13.51770697 -6.23894385
3.74520866 21.11044548
-20.80110351 2.06382594
-2.20493527 -3.75705038
-3.44232866 -21.64038731
17.09536836 -13.08447781
-17.0083051 -16.74700332
6.63327381 20.84160494
-13.90133959 -17.25372154
11.96056798 -3.69438795
16.21405836 -11.45310402
3.24398846 -2.07192251
13.98684052 -12.18545177
13.24276578 -11.74022658
22.10852458 -2.2899393
-11.29706481 -11.07289604
-22.85425998 -3.40944907
11.19805588 -6.91210273
-5.83493343 -16.56074181
16.60305021 -16.94784205
-17.06531076 11.71409195
1.73554094 -15.08583331
-8.56676822 -17.80528536
-24.52434456 -7.41115031
-13.29431057 17.21662565
7.96821017 -2.4265045
-11.74921164 -3.10394319
10.99129923 11.59782606
-3.54630767 17.68715008
-12.09016285 -7.80577609
16.10887691 3.10441485
22.80346459 17.15437628
0.43212751 -5.71061489
11.01619599 -2.77536304
-21.2722855 22.38445329
13.64542805 19.06061637
6.39554855 -11.20270137
15.13930806 8.97511708
-2.76639853 -23.72398318
-1.91278445 -11.76491104
1.73625238 -22.39114358
22.9518217 -12.93891772
6.30030037 -16.66148133
-11.11561176 -4.90996579
11.82458069 7.60473224
-1.73126991 -2.63282404
13.34942755 -22.91030274
17.6133746 -7.75091926
17.89044732 -21.49031218
-20.49080001 15.30992747
-7.09181432 16.44409893
4.28589794 11.91370479
-2.37297118 23.20053774
12.01119354 -19.15575776
6.89104181 -2.90312312
2.19607275 17.47109075
-1.87331639 3.04871651
-17.98069274 3.3799216
-11.15923435 -12.06739511
12.37998841 6.14550937
-2.23605333 2.15487555
14.15286754 -22.89984046
-22.20548473 -15.66230389
-7.00019601 -20.84808844
22.13542975 -1.44465269
-13.3612788 12.14929554
1.98989019 16.02795431
2.56005135 -17.77380585
-18.40362295 23.170996
1.84575763 -7.01482545
22.04566964 1.72882861
-12.64137164 -18.12010333
2.63334109 -22.6644413
-11.33253552 4.97122947
11.81803895 -23.26260198
-13.39678888 1.69694281
-10.8817919 -21.65792516
-11.44424537 -18.83053067
17.45934406 12.55324325
6.300839 -11.27689641
11.35224857 21.83927992
-21.81974599 22.58376862
-7.91775404 17.56250406
-6.36820703 12.03706091
-8.76373232 23.70751822
12.87019147 -16.99582251
-18.47819085 7.87610567
7.55170784 -2.79095877
3.48217445 24.05878385
-23.35810588 16.86959364
-5.57703037 -2.03421585
22.7615891 13.86523184
3.23489228 13.37257556
22.5204347 17.02379506
-3.38409835 -1.70399849
-7.32986354 -7.5723231
-17.54834509 6.5669378
7.66612778 6.5967346
19.94567518 17.40637203
-11.05717093 16.7729903
-20.74136288 -11.39812574
21.56945906 -0.4994107
21.30772572 2.68153549
6.74815173 22.83143573
12.49659391 -17.83465907
-6.66630402 -22.27126113
-7.29233025 -17.17163212
-2.59033632 7.94461343
20.43023938 -16.42473188
-12.24350522 -24.43813256
6.97944987 13.68403445
-22.23714182 -5.60702656
11.64657087 6.09114795
-6.09268355 -2.26057575
-6.02114737 17.92339439
-12.8773195 7.30712844
7.02207008 13.48197181
19.17524058 -13.67203908
-7.87752413 7.27903101
2.97335847 -3.75044254
18.54762882 -20.10089125
1.75924283 11.14847195
-13.97977397 -22.78312954
-2.00348833 -16.79750949
-17.11876802 13.42154959
-2.68353287 -3.72847032
-20.80995002 22.79204933
6.95180723 -16.484342
21.82222745 5.99706674
18.29401544 18.35307093
-2.21241039 22.03888735
-12.75433363 2.40842157
-18.43143612 1.50424641
-7.65432347 -7.24439482
23.37629399 -17.42446911
-20.96336285 21.38778289
12.54309885 -2.6414868
-21.01769458 -12.51583862
16.67309281 16.08881176
-12.14023164 15.50502924
-6.88159321 -18.45897985
16.32371629 -3.40523513
-21.87485299 -17.51129788
17.65291546 -7.43338367
2.78795007 -17.06361532
-22.11535497 -12.1489141
-10.67372619 20.81438902
23.44161136 22.18972404
17.00864316 -10.69876022
-21.13478051 -18.24032172
-5.73530793 -3.69422951
21.4272924 13.04988956
-21.86982922 -14.15744243
-8.97704107 -2.94630092
-18.39191783 -20.33834814
6.83056606 1.79673479
11.5975274 -14.46210421
-12.07292607 23.0484046
21.84020053 16.69059959
-7.26274799 16.50127547
-17.57243442 -11.74022104
15.51942824 3.49369664
-22.92317087 -1.86562274
7.06114624 19.00249089
17.56846758 20.6902504
16.3143225 5.67847581
11.3276064 20.71360201
-11.55871762 -3.26392592
-22.79148948 -12.79347699
17.62532151 21.89054466
-17.14796111 -16.69523033
13.42517085 -8.71731339
8.58103821 13.05326098
-16.86039114 20.20027278
-2.23710606 -6.96093985
-7.92290893 -17.51616468
-12.7267752 -21.7199215
16.28922019 22.85106245
-6.37510797 17.39344302
-17.16481503 -1.1008584
-15.50065213 -21.43578936
20.91303951 1.9552255
2.28213559 16.77109544
11.37351468 18.07654033
-2.29093216 18.89173718
-2.58338501 2.16202307
6.57751583 3.32700134
18.26732236 -21.6809225
-6.42208389 -12.85713519
-6.32984706 -17.66047789
-1.89558251 17.68690237
1.43075147 7.48818756
3.67641939 -13.46470783
21.17918559 -5.9081092
12.24791608 1.45111439
-14.38959806 -8.92061432
3.22777285 1.7495092
-17.12138839 -6.58950252
18.28733617 -14.89043376
-1.98282803 16.24928098
-21.80188662 3.12321663
-7.69241504 11.36018255
-21.47839447 -11.12702329
-2.28857908 17.46472728
-22.10529292 7.68887812
4.47717701 -10.23463606
-3.33582809 -21.98122217
2.42285371 2.04727146
6.35575803 21.21332761
-6.97503607 10.60484159
12.22747876 -2.15956893
22.399078 -17.25287418
-6.16748445 -16.14513909
-6.70265066 8.02238116
-8.41294912 -22.28799796
6.81803101 -17.02117842
13.43578697 7.64619567
7.90493261 13.69670974
12.01918264 11.93776332
12.59720981 -12.08193616
-11.53759646 9.01852706
-22.2165825 -18.82693119
-6.76459715 18.2788078
11.38701661 -4.70935065
-21.84846718 -0.64432107
-7.86128942 6.26133207
-1.83841283 -0.76116432
7.56719434 7.41705026
-16.96500236 -17.27392566
21.86894566 -3.7577279
-3.22029561 -10.146826
-1.13250572 8.65139071
-1.99993524 -11.8792162
-8.04791285 -13.29569226
10.85162162 9.10385974
-19.11402411 21.11609508
16.42544767 2.44172868
20.59579333 -22.71185478
2.89114603 17.06815761
-17.19161567 -2.63843077
11.85849848 -2.18733324
-2.09838101 -5.19290442
-1.68671065 -21.22141001
-3.32070108 12.09182749
15.80535075 3.05507954
13.51770697 -6.23894385
3.74520866 21.11044548
-20.80110351 2.06382594
-2.20493527 -3.75705038
-3.44232866 -21.64038731
17.09536836 -13.08447781
-17.0083051 -16.74700332
6.63327381 20.84160494
-13.90133959 -17.25372154
11.96056798 -3.69438795
16.21405836 -11.45310402
3.24398846 -2.07192251
13.98684052 -12.18545177
13.24276578 -11.74022658
22.10852458 -2.2899393
-11.29706481 -11.07289604
-22.85425998 -3.40944907
11.19805588 -6.91210273
-5.83493343 -16.56074181
16.60305021 -16.94784205
-17.06531076 11.71409195
1.73554094 -15.08583331
-8.56676822 -17.80528536
-24.52434456 -7.41115031
-13.29431057 17.21662565
7.96821017 -2.4265045
-11.74921164 -3.10394319
10.99129923 11.59782606
-3.54630767 17.68715008
-12.09016285 -7.80577609
16.10887691 3.10441485
22.80346459 17.15437628
0.43212751 -5.71061489
11.01619599 -2.77536304
-21.2722855 22.38445329
13.64542805 19.06061637
6.39554855 -11.20270137
15.13930806 8.97511708
-2.76639853 -23.72398318
-1.91278445 -11.76491104
1.73625238 -22.39114358
22.9518217 -12.93891772
6.30030037 -16.66148133
-11.11561176 -4.90996579
11.82458069 7.60473224
-1.73126991 -2.63282404
13.34942755 -22.91030274
17.6133746 -7.75091926
17.89044732 -21.49031218
-20.49080001 15.30992747
-7.09181432 16.44409893
4.28589794 11.91370479
-2.37297118 23.20053774
12.01119354 -19.15575776
6.89104181 -2.90312312
2.19607275 17.47109075
-1.87331639 3.04871651
-17.98069274 3.3799216
-11.15923435 -12.06739511
12.37998841 6.14550937
-2.23605333 2.15487555
14.15286754 -22.89984046
-22.20548473 -15.66230389
-7.00019601 -20.84808844
22.13542975 -1.44465269
-13.3612788 12.14929554
1.98989019 16.02795431
2.56005135 -17.77380585
-18.40362295 23.170996
1.84575763 -7.01482545
22.04566964 1.72882861
-12.64137164 -18.12010333
2.63334109 -22.6644413
-11.33253552 4.97122947
11.81803895 -23.26260198
-13.39678888 1.69694281
-10.8817919 -21.65792516
-11.44424537 -18.83053067
17.45934406 12.55324325
6.300839 -11.27689641
11.35224857 21.83927992
-21.81974599 22.58376862
-7.91775404 17.56250406
-6.36820703 12.03706091
-8.76373232 23.70751822
12.87019147 -16.99582251
-18.47819085 7.87610567
7.55170784 -2.79095877
3.48217445 24.05878385
-23.35810588 16.86959364
-5.57703037 -2.03421585
22.7615891 13.86523184
3.23489228 13.37257556
22.5204347 17.02379506
-3.38409835 -1.70399849
-7.32986354 -7.5723231
-17.54834509 6.5669378
7.66612778 6.5967346
19.94567518 17.40637203
-11.05717093 16.7729903
-20.74136288 -11.39812574
21.56945906 -0.4994107
21.30772572 2.68153549
6.74815173 22.83143573
12.49659391 -17.83465907
-6.66630402 -22.27126113
-7.29233025 -17.17163212
-2.59033632 7.94461343
20.43023938 -16.42473188
-12.24350522 -24.43813256
6.97944987 13.68403445
-22.23714182 -5.60702656
11.64657087 6.09114795
-6.09268355 -2.26057575
-6.02114737 17.92339439
-12.8773195 7.30712844
7.02207008 13.48197181
19.17524058 -13.67203908
-7.87752413 7.27903101
2.97335847 -3.75044254
18.54762882 -20.10089125
1.75924283 11.14847195
-13.97977397 -22.78312954
-2.00348833 -16.79750949
-17.11876802 13.42154959
-2.68353287 -3.72847032
-20.80995002 22.79204933
6.95180723 -16.484342
21.82222745 5.99706674
18.29401544 18.35307093
-2.21241039 22.03888735
-12.75433363 2.40842157
-18.43143612 1.50424641
-7.65432347 -7.24439482
23.37629399 -17.42446911
-20.96336285 21.38778289
12.54309885 -2.6414868
-21.01769458 -12.51583862
16.67309281 16.08881176
-12.14023164 15.50502924
-6.88159321 -18.45897985
16.32371629 -3.40523513
-21.87485299 -17.51129788
17.65291546 -7.43338367
2.78795007 -17.06361532
-22.11535497 -12.1489141
-10.67372619 20.81438902
23.44161136 22.18972404
17.00864316 -10.69876022
-21.13478051 -18.24032172
-5.73530793 -3.69422951
21.4272924 13.04988956
-21.86982922 -14.15744243
-8.97704107 -2.94630092
-18.39191783 -20.33834814
6.83056606 1.79673479
11.5975274 -14.46210421
-12.07292607 23.0484046
21.84020053 16.69059959
-7.26274799 16.50127547
-17.57243442 -11.74022104
15.51942824 3.49369664
-22.92317087 -1.86562274
7.06114624 19.00249089
17.56846758 20.6902504
16.3143225 5.67847581
11.3276064 20.71360201
-11.55871762 -3.26392592
-22.79148948 -12.79347699
17.62532151 21.89054466
-17.14796111 -16.69523033
13.42517085 -8.71731339
8.58103821 13.05326098
-16.86039114 20.20027278
-2.23710606 -6.96093985
-7.92290893 -17.51616468
-12.7267752 -21.7199215
16.28922019 22.85106245
-6.37510797 17.39344302
-17.16481503 -1.1008584
-15.50065213 -21.43578936
20.91303951 1.9552255
2.28213559 16.77109544
11.37351468 18.07654033
-2.29093216 18.89173718
-2.58338501 2.16202307
6.57751583 3.32700134
18.26732236 -21.6809225
-6.42208389 -12.85713519
-6.32984706 -17.66047789
-1.89558251 17.68690237
1.43075147 7.48818756
3.67641939 -13.46470783
21.17918559 -5.9081092
12.24791608 1.45111439
-14.38959806 -8.92061432
3.22777285 1.7495092
-17.12138839 -6.58950252
18.28733617 -14.89043376
-1.98282803 16.24928098
-21.80188662 3.12321663
-7.69241504 11.36018255
-21.47839447 -11.12702329
-2.28857908 17.46472728
-22.10529292 7.68887812
4.47717701 -10.23463606
-3.33582809 -21.98122217
2.42285371 2.04727146
6.35575803 21.21332761
-6.97503607 10.60484159
12.22747876 -2.15956893
22.399078 -17.25287418
-6.16748445 -16.14513909
-6.70265066 8.02238116
-8.41294912 -22.28799796
6.81803101 -17.02117842
13.43578697 7.64619567
7.90493261 13.69670974
12.01918264 11.93776332
12.59720981 -12.08193616
-11.53759646 9.01852706
-22.2165825 -18.82693119
-6.76459715 18.2788078
11.38701661 -4.70935065
-21.84846718 -0.64432107
-7.86128942 6.26133207
-1.83841283 -0.76116432
7.56719434 7.41705026
-16.96500236 -17.27392566
21.86894566 -3.7577279
-3.22029561 -10.146826
-1.13250572 8.65139071
-1.99993524 -11.8792162
-8.04791285 -13.29569226
10.85162162 9.10385974
-19.11402411 21.11609508
16.42544767 2.44172868
20.59579333 -22.71185478
2.89114603 17.06815761
-17.19161567 -2.63843077
11.85849848 -2.18733324
-2.09838101 -5.19290442
-1.68671065 -21.22141001
-3.32070108 12.09182749
15.80535075 3.05507954
13.51770697 -6.23894385
3.74520866 21.11044548
-20.80110351 2.06382594
-2.20493527 -3.75705038
-3.44232866 -21.64038731
17.09536836 -13.08447781
-17.0083051 -16.74700332
6.63327381 20.84160494
-13.90133959 -17.25372154
11.96056798 -3.69438795
16.21405836 -11.45310402
3.24398846 -2.07192251
13.98684052 -12.18545177
13.24276578 -11.74022658
22.10852458 -2.2899393
-11.29706481 -11.07289604
-22.85425998 -3.40944907
11.19805588 -6.91210273
-5.83493343 -16.56074181
16.60305021 -16.94784205
-17.06531076 11.71409195
1.73554094 -15.08583331
-8.56676822 -17.80528536
-24.52434456 -7.41115031
-13.29431057 17.21662565
7.96821017 -2.4265045
-11.74921164 -3.10394319
10.99129923 11.59782606
-3.54630767 17.68715008
-12.09016285 -7.80577609
16.10887691 3.10441485
22.80346459 17.15437628
0.43212751 -5.71061489
11.01619599 -2.77536304
-21.2722855 22.38445329
13.64542805 19.06061637
6.39554855 -11.20270137
15.13930806 8.97511708
-2.76639853 -23.72398318
-1.91278445 -11.76491104
1.73625238 -22.39114358
22.9518217 -12.93891772
6.30030037 -16.66148133
-11.11561176 -4.90996579
11.82458069 7.60473224
-1.73126991 -2.63282404
13.34942755 -22.91030274
17.6133746 -7.75091926
17.89044732 -21.49031218
-20.49080001 15.30992747
-7.09181432 16.44409893
4.28589794 11.91370479
-2.37297118 23.20053774
12.01119354 -19.15575776
6.89104181 -2.90312312
2.19607275 17.47109075
-1.87331639 3.04871651
-17.98069274 3.3799216
-11.15923435 -12.06739511
12.37998841 6.14550937
-2.23605333 2.15487555
14.15286754 -22.89984046
-22.20548473 -15.66230389
-7.00019601 -20.84808844
22.13542975 -1.44465269
-13.3612788 12.14929554
1.98989019 16.02795431
2.56005135 -17.77380585
-18.40362295 23.170996
1.84575763 -7.01482545
22.04566964 1.72882861
-12.64137164 -18.12010333
2.63334109 -22.6644413
-11.33253552 4.97122947
11.81803895 -23.26260198
-13.39678888 1.69694281
-10.8817919 -21.65792516
-11.44424537 -18.83053067
17.45934406 12.55324325
6.300839 -11.27689641
11.35224857 21.83927992
-21.81974599 22.58376862
-7.91775404 17.56250406
-6.36820703 12.03706091
-8.76373232 23.70751822
12.87019147 -16.99582251
-18.47819085 7.87610567
7.55170784 -2.79095877
3.48217445 24.05878385
-23.35810588 16.86959364
-5.57703037 -2.03421585
22.7615891 13.86523184
3.23489228 13.37257556
22.5204347 17.02379506
-3.38409835 -1.70399849
-7.32986354 -7.5723231
-17.54834509 6.5669378
7.66612778 6.5967346
19.94567518 17.40637203
-11.05717093 16.7729903
-20.74136288 -11.39812574
21.56945906 -0.4994107
21.30772572 2.68153549
6.74815173 22.83143573
12.49659391 -17.83465907
-6.66630402 -22.27126113
-7.29233025 -17.17163212
-2.59033632 7.94461343
20.43023938 -16.42473188
-12.24350522 -24.43813256
6.97944987 13.68403445
-22.23714182 -5.60702656
11.64657087 6.09114795
-6.09268355 -2.26057575
-6.02114737 17.92339439