-4.45606092 7.04572631 7.0712301
-5.58970468 14.39556678 6.43945036
5.77591099 19.90509254 -1.57433599
4.18835003 12.2891047 13.22479197
3.63304376 9.05844849 13.36592754
-7.80702877 8.87632079 4.41581531
11.88846963 8.67743966 -3.04385726
1.15579051 20.11215111 7.67177217
3.44649591 0.61391341 6.56456622
-9.41241699 17.50192941 -0.93221507
6.34970644 4.02079116 1.27191881
1.94395397 5.91464244 -4.68401193
4.97324 6.51791404 5.06600254
-9.54019035 2.87399035 -0.89089964
-6.41525726 3.12624024 -7.9993657
9.52600049 7.41612412 9.29141397
-9.48528026 11.51591332 0.60399708
-9.42787337 11.33558684 -1.35944713
1.07832551 9.37825671 -4.79417503
4.85403004 19.16326459 -2.98649414
-9.40769449 16.11687521 -0.62631271
-5.07080042 9.22810948 -9.17534845
2.77702582 11.46583771 6.96662941
-7.83267381 15.62670531 -6.4385391
4.46070918 0.8377065 -3.51125391
-5.34395961 20.77930793 6.6899633
2.73352496 2.24699597 -4.47862509
5.57893958 9.56460157 -1.8025324
1.30547693 15.95306286 -4.83295644
5.74493105 17.00083948 3.58580036
6.43519513 9.10645672 11.96597826
10.83396971 11.41308738 -5.46221722
6.12756754 1.09805971 2.50836056
1.64515416 0.85751345 -10.99220855
3.57091331 10.49853411 -4.10881505
12.5183567 12.81973816 0.79504638
5.00055212 15.25200851 12.76099568
-9.53286 4.27455203 -0.06098632
8.30785435 9.52320415 -8.21237723
7.45431982 13.6935791 11.40471846
9.46954449 1.18012598 -7.15793881
11.10536691 19.27660047 -4.88288369
6.28631084 17.65402067 1.94156423
0.55937333 18.27180692 -4.8363239
-9.38262823 7.39275816 -1.71110453
5.87683089 0.29224169 3.32142675
7.1184512 8.93777359 11.51003786
-7.1846533 13.78890542 4.99292245
-4.77390192 8.99324366 -9.37798542
4.46235762 12.43467568 13.13855436
11.15128944 3.05403281 -4.86065322
-8.54550614 20.27834703 3.04093362
10.33893457 9.99895274 8.07367633
0.14488948 11.32220224 -10.93036066
-9.45220104 13.23893738 -0.31929892
1.9416248 16.74309734 7.29795564
-5.49147689 14.29356979 6.5431382
1.52049073 5.6951513 7.57687008
-9.47187723 6.51395712 -0.02019304
5.45515481 15.36943049 12.46523652
1.69598335 14.10356175 -4.7682404
2.50008661 4.53098577 -10.85232631
-3.18463082 12.44745344 7.54575361
-1.21030699 5.97174289 7.83154292
-8.8847799 4.45480426 2.53852398
-6.77938481 10.27066394 -7.79187761
12.32470825 11.30007988 -1.55687537
6.36647582 14.30245403 0.40187935
-4.09058993 3.79403785 7.32578721
-3.10177271 16.34184013 7.69245485
-8.48176764 1.27556668 3.05672791
2.6218442 4.5593294 7.08776914
3.98062814 19.71624674 -3.87231138
11.71157772 6.10086037 -3.64092466
1.83111221 13.60228534 -4.73859062
11.32707521 5.44410876 -4.52005672
-4.00901702 5.55885924 -9.84256536
-8.35125698 17.05950297 3.3811908
9.35592261 18.36043912 9.53150405
4.25617025 2.67746098 5.84965343
12.11901084 9.58674376 -2.61697789
3.9029423 20.39613367 -3.87899288
9.62686428 18.25148469 9.26555749
10.88060832 18.80549693 7.40527991
-7.8733351 5.47322123 -6.29883077
-2.53969934 8.69872636 7.6979525
12.60390575 0.60020083 1.217867
7.51803587 14.49083573 11.38108229
1.54321253 9.59600595 -11.05716485
6.34705157 18.01801951 12.0797848
6.10310537 5.18101366 2.73557414
-7.78644503 12.77803479 -6.59171196
9.49480956 9.67530478 -7.24733467
-6.7579374 8.1060858 -7.62121198
-9.43186084 3.58789236 -0.79822176
-8.62336283 11.34145047 -5.05102654
12.49677465 3.02420252 2.70222056
7.72498155 16.17374573 -8.84575373
3.26449425 11.58444945 13.48033119
12.44283732 1.64199817 2.87630776
4.32023992 5.38949941 -3.63796913
11.75172225 0.45848635 5.69593101
-9.42041938 7.91896076 -1.6745918
-8.49868079 17.12905355 -5.23776204
1.82614776 4.2435737 -4.6813744
5.24900505 0.96337679 -10.18577671
9.07228244 5.4309793 -7.57180853
1.07323948 11.80373568 14.08141548
-5.63123743 10.58727821 6.52020543
0.4816894 18.96199567 7.66701915
1.88554795 10.97718933 13.90093816
0.77234839 6.83022848 -4.81775168
5.7753479 15.37555981 -1.61067001
-9.50614915 15.2214982 -1.41567825
7.55090256 5.85307164 -8.97664904
5.87741637 14.28522423 -1.34548221
0.5240183 14.79504206 14.09381057
-7.05987227 3.32302065 5.11328893
-6.04104316 19.04214123 6.13158936
5.22443515 5.7603993 -10.20306399
5.56178443 0.71789621 4.15751009
6.06844864 8.52101514 12.31926497
-3.9165622 8.81887112 7.28025884
8.53842243 5.99434884 -8.16761092
-9.48206555 13.17083785 -0.9712405
-5.46590664 1.54882416 6.67303795
3.6268666 12.3773725 6.27112515
8.5755812 17.93409447 -8.23286753
4.26959269 1.55499839 5.82920832
2.82566679 15.40507348 6.86626912
-9.53433059 18.9773829 -0.35354641
4.5245663 15.5325131 -3.36120224
2.18430639 10.09760064 -4.64166711
8.67485984 0.37590616 10.24142988
-8.41458471 14.83148719 3.29383498
6.1674633 4.91141706 -9.8174524
12.53352592 16.23726208 -0.17149746
8.57533148 1.79575179 10.4239765
6.39040105 8.39503881 0.32343283
12.53312977 13.77466575 2.24080743
6.30717436 4.10121476 1.94657295
-7.14481276 9.67017258 5.13278862
-3.11553569 10.54267467 -10.22735484
6.08302673 13.18696651 3.04804417
2.57502137 12.71832799 -4.48223452
-5.10099588 1.09509359 -9.11820009
0.19283439 7.28305081 -10.96544617
4.08031012 5.86785823 13.22606861
-8.40404256 4.15649015 3.32203735
-9.08632837 1.25973258 1.65254209
11.45027161 7.41880266 6.26812183
5.71815091 4.34442344 -1.76726088
6.06003394 14.08080999 3.05932575
5.7277926 17.84182699 -1.85938471
-9.19786257 18.29741922 1.30979041
6.08279113 18.07792023 3.00967852
-8.0489086 18.90007899 -6.257813
6.27797243 10.81899722 0.28742889
11.44633917 2.74341052 6.27267572
2.65303913 13.65348125 -4.45263282
-4.03365007 4.29136943 7.22453955
-8.67138192 6.45876005 2.61834472
3.67402158 4.57677696 13.40918972
0.14266234 8.21096756 -4.76416317
6.01687357 17.60825699 12.26917059
6.24543005 20.15360076 -0.09606877
6.08652734 0.56941461 -0.92188944
4.00919235 6.79125013 6.00148199
0.28460581 7.15741605 -4.81453364
0.43256836 15.03157365 -11.04585961
-4.19881018 11.02528178 -9.64869458
-3.84619605 3.69083955 7.40087549
4.24585955 20.90610797 13.26896555
-9.11091492 19.05073995 -3.80781052
-5.86524423 8.09133126 6.32764093
3.77446244 9.33033562 -4.09874344
5.54741653 12.10215276 -1.98846192
12.47741765 5.54825164 -0.78331484
2.99234952 3.90290363 13.70424952
-8.653497 0.63826493 2.93437943
3.74607368 6.46364966 6.26521157
7.32195937 13.80282353 11.30648044
-4.43756372 7.68473791 7.09339858
2.79253546 14.0221335 -4.30974122
-9.32767577 11.80671462 -2.45568481
0.24117108 18.13951664 14.09591357
-2.81487722 11.2742241 -10.32164408
4.50817329 2.34767647 5.71271017
1.13768779 3.28249703 -4.789673
-7.77808296 7.28584039 -6.56954236
5.41716886 14.03203785 4.33566214
-1.6736416 5.36711539 -10.68732303
5.71998236 15.64614083 -1.56380807
2.43413493 7.22430535 7.15456702
7.0315426 16.53944372 11.60904304
5.21768765 16.18861881 12.66710865
0.55930959 12.17620947 -4.78824925
5.43787348 0.75912742 -2.18536763
6.1632522 16.6445589 -9.78486145
6.56075193 6.43056123 -9.57813217
0.48526175 3.33236508 7.7513925
-2.66130862 2.78820646 7.71696382
4.86046039 3.79783656 12.87621798
-9.21565955 14.43721085 -3.2252837
12.11627801 11.65737285 4.62158727
5.71902724 4.43297035 -1.66514465
5.15256167 1.56378699 -2.70206936
10.77598464 10.61905866 -5.58393838
4.34992905 0.96171964 13.11114486
4.28253539 16.42392915 13.13546118
7.23302837 2.75682289 11.49753185
6.35548896 8.73787792 0.48545673
6.35706472 7.66373213 0.792767
11.86294417 18.63051435 -3.42976524
8.80280838 13.26569111 9.98782653
-8.47002123 2.69218204 3.30486947
-7.27204232 9.84057119 4.95666394
-0.51519431 2.00427863 -10.96721907
6.13095657 17.20253986 -0.547891
4.6648363 19.24906071 5.35121192
1.85063673 15.02914002 -4.71858457
2.53827375 9.10854056 -4.57364718
6.400473 15.60744729 1.34555839
0.51697477 0.94215487 -4.80758105
-5.77209463 2.55192338 -8.69023585
5.82841669 11.14081718 -10.04824082
10.4217833 10.31381155 -5.87321447
3.12476452 11.44816124 13.60410464
12.07488503 12.5073189 4.43802141
-1.95477091 12.57604396 -10.58954225
12.47978843 11.53680094 2.46131862
-1.42584923 6.02981901 7.93672975
-5.75380567 1.54828917 -8.6749842
3.73711128 19.76691396 -4.05784084
0.90986127 0.43625442 7.67538864
3.06610508 11.00556498 -10.90656468
3.46063973 19.51100213 6.52824449
1.02400676 8.02867042 7.71749039
4.46424859 15.59209076 -3.48390241
3.83966688 6.49544017 -10.63888448
5.18492852 4.08309155 -2.82150283
10.22330162 3.15427183 -6.33125102
-1.30503062 18.52883073 7.92442087
2.90675396 18.76657567 -4.4375948
12.48974942 1.83610106 2.96675866
5.6021196 15.90107418 4.01136468
-1.4202349 0.1776287 7.93244473
-8.59330856 17.03673239 -4.92801012
6.34622376 3.8740357 0.78514581
5.47076885 20.23935146 4.27894663
4.45997611 14.57056802 5.59544879
1.70848467 1.47248088 -4.80014506
9.07591703 0.15004765 9.71093188
11.81693151 12.99414722 -3.35629003
4.08753397 15.64627102 5.95330435
-9.41345436 1.98288255 -2.41864315
5.89639918 1.47589515 3.45101433
4.99966304 15.733151 -2.76215422
-6.74483774 9.36075719 -7.69031425
2.56785928 20.97275335 7.06835339
4.68380983 17.84648172 -3.20673042
5.51303424 13.94996298 -2.10701155
5.38781448 13.02464037 -10.12289641
6.37044532 3.48431878 1.1113052
-2.49899679 15.62265964 7.78729126
3.66157145 6.93642444 6.38252889
5.98819457 19.59794835 -1.22032712
0.13280825 9.29892588 7.90341559
6.06974561 10.48893777 12.28735623
12.30180392 9.68233634 -1.52350748
1.94502229 6.45061166 -4.69261164
11.24338551 17.05881251 6.89507236
11.48458074 6.0222539 -4.37837625
2.79141603 14.6579651 -10.93180669
-4.39962756 20.39783383 -9.58565867
6.91476003 20.87709416 -9.31409102
0.51262436 5.2871352 7.73467754
-1.79939841 10.93675842 7.82098076
-5.75152054 7.34933494 -8.67838839
4.3043736 3.30814808 5.82757441
5.96238888 0.85605409 -1.35485145
-6.26313944 12.15766023 6.05846174
-8.21984321 19.87204538 -5.64808979
-8.72654417 19.01129707 2.64096346
12.22673899 16.71985108 4.28396911
4.02394317 1.88209864 -3.90457423
12.41680396 6.35963286 3.30409364
-5.07238712 8.57351715 -9.19397324
2.58518214 16.55745653 -4.45753289
6.34497759 8.24274439 -0.06416121
5.25448574 12.51551698 4.6133839
3.50916491 12.18277367 -10.80031571
-1.76859147 17.54222163 -10.68884067
-1.05378783 20.68215163 7.89119524
6.22553096 14.71197669 -0.12638424
1.20105342 8.18112919 7.63096031
-9.26328587 2.2722805 -3.17556296
2.50472239 17.8475638 7.11302551
6.84812013 15.30259603 -9.41781789
2.55193116 17.90604216 -4.47534773
5.93517563 3.44941776 3.4698235
-6.95395562 1.92188073 5.27866691
-8.85064096 20.17793369 -4.59772227
12.54177498 4.36152049 2.33744345
4.15688314 2.94915556 -3.75102927
-7.07740312 15.81573374 4.96181665
5.37051475 0.55264392 -2.34849467
6.27512933 1.63753552 0.2445196
5.41866212 12.36257128 -2.26187673
3.61280946 7.85042431 -3.98962361
3.22574157 13.17291916 6.75904589
4.98993172 1.24577868 -2.69407211
12.64150191 4.52546725 0.71188653
3.71660584 18.6932109 -4.05939544
-1.91461794 10.12746588 7.90675001
-0.87118574 19.87693604 -10.81326977
3.34142712 9.93092069 -4.2460443
1.90092447 3.26767186 -11.00062337
12.43457685 11.3473341 -1.22601584
8.58347044 16.73201134 -8.23426371
-8.51347756 4.72763364 2.99862872
-9.41887626 1.77906395 0.35709695
8.42806803 10.61718105 10.31470861
-6.7235823 8.11180265 -7.89698209
0.0855342 19.3410542 -10.96192298
4.17875407 19.90574571 -3.74263797
-8.77363969 0.56373377 -4.65729175
-6.95408765 17.47261137 5.43874072
12.58679207 3.99953694 1.77149499
-6.61529005 3.78702882 -7.71154035
9.02919019 10.82535734 9.8027404
-8.79941384 7.56697001 2.61980395
12.40394489 1.98894164 2.92939681
11.22509262 16.4986559 6.90858144
2.10666118 10.50728684 7.12625568
9.17602564 2.79992252 -7.6097881
12.263448 5.11215855 3.95509604
5.94210144 11.5887446 -1.16054779
5.75759661 1.00207745 -9.9471272
11.34930862 20.66048054 6.33094267
1.01562832 17.12638395 -4.81313574
9.62947488 13.52148656 9.19405437
0.16761702 7.17071493 14.1367041
0.56225943 15.65876305 7.63193294
3.81646577 6.35427276 13.35694477
12.38599565 11.23476519 3.72357624
-9.36582884 9.26610311 -2.09995707
10.59539544 15.60195481 -5.81053932
0.93018629 18.84708652 14.00183135
-0.2941737 18.11089603 7.86666693
4.5307555 20.61825967 5.55236831
10.57894667 14.55400693 7.93156388
3.1143241 0.99106189 -10.92053708
-9.40716933 8.80770291 -1.35318277
0.39870679 10.08542243 7.83211212
0.48018541 6.85112087 14.21228117
-1.92753114 13.91155453 -10.65359664
-2.74061722 3.6164374 -10.37336738
3.86976995 19.76688734 6.12444298
3.0369655 15.36274567 -10.84554088
12.18378003 16.15541774 -2.09090189
11.88188683 2.92835909 5.35495085
-0.04190399 18.60097979 7.92434288
11.51665372 11.15307691 6.11799019
-3.27207989 2.90298126 7.58732597
6.25363017 4.14896109 0.22386234
3.68482011 8.67741897 13.42381978
0.22607326 0.89970849 -4.71358217
-9.20115238 2.87254646 0.9684593
-7.93476023 1.3851125 -6.24450578
11.07485932 17.4703112 6.97180443
12.20838134 11.21599134 4.1046058
-4.58398195 5.02692908 -9.52897504
-4.79477534 5.06883309 -9.29562544
10.28543294 0.13292299 8.31015231
3.9650882 19.23025434 -10.61666509
6.20246813 1.70591536 2.36637113
10.72432558 8.4472576 7.65980953
-9.46141947 6.26115293 -1.27259953
6.40734462 7.10227888 1.24384136
12.09994317 19.06130823 4.8963426
5.5826046 1.60855408 -1.90650854
-0.9523024 19.49833365 7.88324666
4.46344756 1.61689709 -3.5047541
-2.92831747 9.86006815 7.75716948
-7.1659012 11.20258435 -7.25684543
-8.97354095 6.86173228 2.17884995
12.09486325 8.29251626 4.495046
11.87540901 2.34244941 -3.15551635
1.36971978 18.16403163 7.55655238
-7.5873606 5.434618 4.64777342
3.73972623 11.39642798 -3.95285461
0.50411477 14.59109344 -11.11306655
4.12522213 9.79979213 -3.69655245
12.46572629 11.25308872 -0.11328211
-0.69847993 16.87170075 -10.95740641
10.12843968 20.86483717 8.49930191
1.10796631 0.38315471 -11.00998726
12.5921854 4.29777474 1.09663679
-1.47799822 1.66168836 7.96817715
8.15893995 5.00695733 10.66777689
-1.08923901 5.5433427 7.90036966
4.48917457 20.56722928 5.47218356
4.79269797 14.83087917 5.25509063
2.74557239 15.90945553 7.0518401
1.8817985 8.695813 -4.64195981
-8.75573507 17.65975912 2.26526862
3.44712136 16.72187892 6.54905079
-8.82632444 20.22377644 2.51212603
4.6063905 12.33920715 5.57311737
-9.40690449 20.26262658 -2.19584423
12.05678318 0.19843876 4.6111558
11.58570475 20.94430513 6.02441045
2.67437344 14.16708142 7.01511058
6.30073949 8.29952663 -0.44508898
-9.07460641 11.07502136 1.62033916
-2.06597443 12.01440641 7.82650732
-7.49637588 7.51382817 -6.72852643
1.35461362 7.89020736 -4.7633331
-5.2520563 14.4375639 -9.030985
0.35324307 14.70653755 -4.7963023
7.08281734 19.77934392 11.50881861
-9.49710438 20.36606476 -1.61623328
4.40852392 5.26330771 5.52603322
-3.77558375 4.3270363 -9.94151375
-8.08245837 2.19215184 -5.92299815
12.5693195 2.13036024 -0.18447915
-2.28769965 0.09976905 7.75007728
2.15733929 1.31216275 13.80072005
1.36635979 14.99495179 14.0347261
3.6250338 2.67120933 6.41713277
-1.41334127 6.09446855 -10.79638646
8.00744099 1.53386054 10.90085098
6.10024989 13.9791282 2.82129148
-4.98127305 18.44491526 -9.32582226
-3.33634877 7.70302811 -10.11009036
2.34966575 11.89351552 13.68920736
-8.27861079 16.58236649 3.57020431
4.13134158 16.74571086 -3.74043748
5.61451446 6.92295497 -1.7688074
12.51205259 18.98010209 2.46964991
1.82353233 13.44106384 -11.03674667
4.10714712 4.11273016 -3.78151252
6.35605963 14.10483355 0.36908575
7.60802401 16.92190285 -8.89211836
6.19023526 11.61685213 -0.2316671
2.95207597 4.79530982 6.81559272
-4.57253387 14.13019617 7.06579053
5.51964023 15.65168952 -2.1845185
3.10106039 14.50629255 6.63805319
5.59623799 8.61273459 12.45620151
-6.72308267 20.63815015 5.59309065
-1.5845438 8.60745793 -10.72542041
0.30865223 12.46352191 -11.03375752
5.92303698 13.16827218 -1.34639239
-9.46202245 12.27615119 0.27644648
-8.73111855 16.85002311 -4.75529997
11.71822624 16.6961803 5.49989546
0.61658523 1.25642046 -4.74315604
1.19601991 4.97452876 14.00155888
12.29003531 5.11348066 -1.27606678
8.39806779 16.54801866 -8.29706229
-5.779974 1.26499376 6.33835367
3.18677914 10.60815298 6.67512038
-8.99274151 20.31562212 2.23308011
4.03187047 7.64115704 -10.67058494
5.5830594 12.99306368 12.47209997
8.61924615 19.05086583 -8.01160938
10.38340231 5.84977492 -6.08536039
11.04923108 11.38098628 -5.05648621
4.21981858 17.33975098 -10.51527388
4.21612727 6.95563708 5.91608851
-9.12134854 19.79235691 1.36265934
-9.34487018 18.26636032 -2.26022011
-6.60325413 15.12335569 -7.94468083
-8.43155221 18.20609925 3.40561044
5.27108909 1.75992546 -2.60495533
2.56214848 18.40636033 13.71994086
-9.05667555 2.13094376 -3.72213063
6.33069596 5.45150656 2.19423609
-7.7176944 15.16285594 4.48242604
-9.39984571 17.27793451 -2.14434523
5.98578821 9.45129998 -1.24307032
-7.71426013 2.91642823 4.50556925
4.16173735 4.99489342 5.88051925
12.61503374 6.26745297 0.75188666
3.85023729 2.95894389 13.28538832
11.22637088 1.76027721 6.73627726
11.82770448 15.96146578 5.29902662
-7.71294554 14.18449766 4.37670774
5.76253099 11.02191701 -1.55654064
-9.26188617 19.20126895 -3.53084367
0.12111239 16.78619978 -4.765945
3.52460981 9.7443885 -10.69930895
6.34200519 9.70444394 0.0674955
-8.53827622 2.50909099 -4.99810317
-3.06731271 6.26875492 7.65253804
6.16189321 5.04099834 2.62983438
12.60863694 6.45394214 0.2010654
-2.94798767 5.24912607 7.79460347
-9.36601544 15.37283636 0.06937158
4.52526504 20.95432361 5.60376897
0.55011256 2.00589339 7.7044784
12.45137038 19.06150913 2.44448243
12.49519411 16.82860256 -1.10592301
-1.58969393 15.52061178 -10.65710512
6.37232637 14.08791608 0.88882487
-9.49563138 16.71136789 -1.93089072
-7.03546791 20.07486422 -7.4848258
10.17883459 2.02778455 8.41573617
6.12309273 16.58482032 -1.0710477
3.17218637 17.93810467 6.63579812
10.3500468 18.66826724 8.31232047
-3.61978894 14.91966912 7.60712041
-9.36216645 16.03126027 -0.21068085
3.53798475 2.72379098 -4.1296496
6.80563742 8.90117387 -9.40826951
6.15611563 12.35397854 -0.45820309
-8.04263763 6.31814422 3.85195007
12.67292801 15.94586953 0.58781882
2.62268116 11.4461413 -4.54848718
-9.52049138 20.46070285 -1.57363917
2.42745281 5.00641515 7.10036416
8.65238025 0.77779194 -8.05369934
6.46658664 8.69737557 1.27486215
2.87712233 16.47229751 6.86549099
-4.08939208 20.48713161 -9.67252047
-8.30879098 7.79967767 -5.37344612
-7.96048113 10.34905805 4.04564245
3.72695214 8.60218316 -10.59222075
-7.18441499 15.42536594 5.05235826
-0.74437385 19.18356825 7.90093773
0.42550553 1.69359621 14.10103756
-6.60345292 7.08847785 5.75320873
1.09421752 13.86353552 -10.99688466
8.30523827 19.3458323 10.50864336
-9.30446985 12.87400584 0.9234559
7.0113902 2.12301108 11.66945097
5.57559922 2.20108257 -1.9846614
12.2519436 1.56079322 -2.05181096
2.80734719 10.27857251 -10.93623989
-4.09494789 10.22146428 7.29385518
4.23631144 2.45659848 -3.6480023
2.36477964 6.39080542 7.15942882
-2.03010134 13.83408182 7.8791833
-5.36089627 14.01489635 -8.96231071
7.54014963 11.43684901 11.28550167
-9.21489153 3.39237656 -3.10664932
5.97018758 4.56196785 -0.97899579
-4.5334252 7.65762087 -9.52943206
-6.63759514 19.33772182 -7.76999775
5.48255514 4.9131208 4.25047592
5.2183732 1.27385645 4.74964091
3.12075933 20.22400085 -10.80379242
-2.97160108 2.75125852 7.7452833
-1.99951209 18.77223072 7.85908163
-7.30224813 12.52856442 -7.1296718
0.69278331 16.7837298 -10.99333746
1.51496788 19.578181 -11.00458522
4.97798937 15.65630225 -3.01702466
-7.57254535 7.41035559 4.65443957
5.22152258 11.68147195 -2.49926605
12.70118628 20.66118363 1.17848344
1.44800567 19.03829491 13.90537165
11.55207708 4.78660566 6.02639335
-8.41992086 2.53477374 -5.3423527
8.26133993 17.73960635 -8.38177833
4.95827984 9.47591652 -3.02255202
1.5211928 17.15097576 7.38899051
5.60286535 20.30228575 -1.94970586
5.43709391 10.90131561 -2.31448363
4.05122217 10.2561799 -3.82412492
-1.77491013 8.1704366 -10.71816687
3.61291398 8.18195421 -4.08472827
3.86063144 10.88223023 -3.91316559
12.52727625 13.37258773 -1.00014952
6.35199152 11.50200913 0.57503458
2.79944904 18.67539138 13.56841499
-1.87726941 3.74598226 7.83548238
11.16871001 10.63367527 6.90101741
2.85785098 9.90090952 -4.38499169
-8.46411259 2.4537225 3.11080935
3.72119499 0.57034717 6.29194149
6.30816773 17.64695769 1.76759956
5.67262401 16.55166608 3.88728224
-5.24216284 0.74557171 6.76495063
-6.32939806 3.99986501 5.84308987
-8.7245049 17.1932143 -4.63880939
12.30293622 17.84134447 3.80026254
-8.83147368 18.54521408 2.35531371
-9.50034476 19.25500174 -0.29282417
-2.17826944 0.72873162 -10.61602266
-8.00188534 17.79602522 -6.20449781
10.09732117 12.74284805 -6.5542087
-0.09823498 11.47021939 -10.89986774
4.36350065 19.59841646 5.70983832
12.30806511 16.34191034 -1.91872219
-0.07312929 6.65141252 7.95694357
12.44095691 8.37203911 3.09388702
-7.86911403 2.72094976 4.18392985
-7.74145093 0.30606253 4.31848096
5.13729992 9.33228129 4.79787387
11.21003367 12.31886316 -4.66933335
9.69470005 12.05805035 -6.85544898
-6.42725549 7.87428896 5.87348212
1.30746952 19.44346381 7.62555391
8.45314358 13.2988638 -8.24314399
12.40146842 16.60128584 -1.03645679
-4.37909022 14.46119125 -9.5254516
-2.84872404 15.6440953 7.66638321
6.37102269 6.4119673 1.74160168
11.98213658 20.2144823 -2.63748397
9.67507557 17.66596547 -6.97027059
-0.23808912 20.24995064 -10.94293576
4.71060411 10.3202251 -10.43063606
-2.05190427 8.11432525 7.82320665
3.74668745 10.95517503 13.35452986
4.95974716 10.56792263 -2.91904735
4.98560007 7.63704998 5.04054659
0.9486344 14.22467994 -11.05575487
-1.1043433 12.01409429 -10.88960643
-3.83039768 15.72528319 7.43095753
1.76174085 8.48990214 -10.98946095
6.14314459 5.985231 2.86944342
-2.92214803 2.0716247 7.6552107
12.50842044 14.9244713 0.16022076
-4.99806126 11.28060439 6.82171569
0.50447285 6.0958545 14.15637855
9.28487153 5.39675037 9.66240748
-1.4938532 9.12418367 -10.76816321
0.47639488 11.42439589 -4.7874643
1.7097325 12.25806404 13.87877098
0.87649806 3.42996921 14.03549358
-5.52084851 5.98104815 6.49419192
4.44090946 13.32411197 13.16705708
5.16206315 3.1090033 4.83762574
5.02251343 7.96255894 12.94009018
4.83144134 17.25417942 -3.2000183
-2.14526024 20.92665007 -10.56934276
0.24560069 15.97265226 -4.79228222
5.22479471 11.18232311 -10.32853678
1.91775064 13.76556647 -4.57313007
-7.26383742 19.80787258 -7.15063832
6.23352718 5.40239122 12.19057029
4.89803865 12.51405024 -2.9749606
12.54486994 12.72938861 2.57470416
-0.9474726 19.02343252 7.86578777
3.96575072 2.48169153 6.19398922
5.88272397 2.77585918 -1.72706971
1.72010756 1.90653565 -4.73050586
-8.76351999 18.31618491 2.65017342
-8.34837201 1.02254195 3.59392222
-9.35900545 10.00901063 -0.03944123
-3.56120926 7.90027955 -10.10337005
11.57519079 10.93977661 6.06583122
6.28144256 11.57494838 1.8265625
3.51822004 13.3269444 13.36581498
2.03890491 3.29479034 -11.00535628
-9.44658633 6.63634838 -1.86632486
-0.51447341 12.07297744 7.93184003
2.90788476 9.92562314 -10.84668567
6.28215571 3.8779529 0.35667843
0.85981763 6.33973625 14.06695589
-6.34308212 0.53161457 5.88108144
5.88056824 4.51639872 -1.312883
1.53975915 12.88936824 13.87540878
3.8655211 14.73788352 13.36892504
4.32368371 4.31164071 -10.53390967
10.16165071 17.93168838 -6.42938467
12.10705331 3.1393861 4.53420226
2.93850102 15.63114103 6.87632075
-4.03178637 5.6670573 7.29903017
-3.62890141 18.01425485 7.44809514
5.59323813 13.1160167 4.03476312
4.81008896 12.84592295 12.98232952
-9.44762566 13.34698489 -1.8910975
2.52727222 17.22728934 7.08507881
1.4951205 19.02219367 -4.76132121
5.17154526 9.35666423 12.74312605
-2.04364888 13.86080642 7.97198571
-4.00262853 2.8649342 -9.86561016
12.54702727 8.03095517 -0.64547524
5.55890875 11.55455775 -2.16429003
10.84864945 7.85632041 -5.14078377
2.22634808 15.83762215 -10.97386301
-9.51666175 20.87432375 -0.54194187
-8.56817511 3.99529802 3.16125931
5.37290827 17.98899772 -10.19237623
-9.16276111 16.43990833 1.49395283
12.06141021 9.09401797 -2.89180604
-4.90280405 1.97771267 6.97327439
-8.2171803 11.93438122 3.91956884
6.33436339 0.7124023 1.32865709
12.60417414 20.57528341 2.12465714
-8.99482943 8.45505068 2.05710956
-5.66581952 6.6627352 -8.78860271
0.32922258 8.1867405 7.75350337
-2.04737816 0.37485681 7.77983738
12.43383355 12.93450377 -0.42966157
2.18739099 10.61604279 -4.7290088
4.6279634 20.30929034 -3.21435262
10.32628941 0.7908359 -5.99400559
-8.16104661 20.89983108 3.79838008
3.16154856 8.31245565 -4.2860806
2.93774222 15.96827384 -10.80088181
5.55177679 10.71920261 -10.12359106
8.24839364 0.73877193 -8.43960699
10.53827088 12.53229911 -5.80812926
0.57100494 4.78130747 7.75489508
9.95518997 16.28868962 8.83417968
10.94692117 9.45434778 -5.18843612
5.87106189 9.52163495 3.54206252
1.91819248 18.02246651 -11.05203064
12.20104282 3.66659934 3.87213501
2.71738441 9.36271033 7.00203331
-6.15725459 14.72982996 6.07692669
-3.17314194 14.04136385 -10.3090503
12.52612952 1.49556099 1.96529766
-0.02434737 4.73218019 7.74968178
-4.83665617 16.7037088 6.87803428
4.26807847 10.5320439 -3.6015933
-8.31648989 0.80554577 3.49409637
0.92380772 7.15657671 -11.07323726
6.17037895 17.19088439 -0.63091397
3.82110233 16.21636179 -3.96017003
5.54541579 6.85005424 4.21478402
10.05875374 0.70504269 8.58389644
2.39394877 2.38342568 7.16348306
6.03132502 4.22195124 3.13452787
6.17953078 9.12499357 2.20181883
-9.23266117 12.28592204 1.34292622
9.62990765 2.61182226 -6.98494356
-3.50413828 12.01761117 -10.08889596
11.82273043 11.14889184 5.49038677
1.75045898 6.44743969 7.35347513
-8.76333853 16.2808989 -4.82082329
2.8849944 1.39090272 -10.85275326
-8.89945251 20.7560432 2.38186843
11.3955475 17.74272826 6.57015563
3.25205342 2.58475099 13.51360323
2.35701017 9.28241158 7.15788753
6.21603512 19.77090707 2.2837939
6.19878786 11.45274147 2.00405892
-4.09872406 14.84827923 -9.76721248
2.39188048 0.7388056 13.68500671
9.84668446 6.35180542 -6.75416378
-5.16934969 16.11379933 6.77528765
5.55345282 1.92334219 4.39078263
-8.9463513 19.12276945 2.26059688
5.86018742 10.59518028 3.41769839
5.4587679 20.75860176 4.03569171
-4.91053102 1.64371499 -9.32332815
-7.73176719 15.58150142 4.36904513
3.47937335 15.96739785 -4.15175503
5.64787976 0.67284967 3.91024605
5.54747167 2.27100706 -2.02120986
-0.34071334 0.21707489 7.84870454
-7.90804546 0.09286279 -6.14751117
4.55085881 9.90630604 -3.20267963
6.15973433 3.81663139 -9.86390883
2.50411282 6.57914431 -4.50547124
-0.08722788 11.11754788 7.82171279
5.87778191 4.66035243 -1.49561946
3.40140783 8.58847195 13.41541673
-8.36700083 5.90629333 3.39258846
6.23299933 0.51476341 1.99378066
-4.86538081 1.25324011 -9.30194763
-7.72718188 11.07416722 -6.50121528
5.91201899 2.10190172 -1.33629511
-8.12203485 6.21653646 3.97564246
-8.97883739 13.72910584 -3.85948964
1.99228175 14.67763799 -10.98718722
11.63028065 3.73014932 -3.93410619
4.94754797 19.65195629 5.07746846
5.69549156 19.80040249 -1.92943102
2.32661448 20.39482212 -4.62295996
6.08878487 10.72631958 -0.74399207
5.97159757 9.71124777 -1.19854039
6.2624227 17.04328421 0.40647891
3.07952498 11.0489072 13.63267378
-6.96397945 12.36285339 5.30733629
5.85590784 19.6439081 3.47651035
2.72762338 13.78945791 -4.40004593
4.23925063 0.62835204 -10.60960659
5.87069364 8.02142436 3.66225965
-6.94559153 7.34114192 -7.58619982
-9.18685398 9.62828694 1.2651389
-9.03587279 7.07309298 1.68599965
12.39169255 7.02598189 3.34899
4.83539277 10.40751085 -3.15307195
9.2483517 4.47806245 -7.55175208
-8.31269744 14.14893266 3.28424971
-8.46833144 17.01671378 3.23019085
7.85900966 17.93138098 -8.74374861
0.9592082 19.45262736 -11.03112297
5.93582393 20.05541051 3.5293655
-1.87126365 3.63912905 7.82783261
11.59156446 3.66217913 -4.13446413
11.20413943 2.06688859 6.81781677
9.77122812 6.60956877 9.16298953
-7.76702367 13.15296882 -6.50005295
5.51907309 16.42404356 4.19952795
-0.29949921 3.7691319 -11.06570089
12.51113757 6.74132763 -0.56180853
-0.30970997 0.30397838 -11.02238285
4.15222798 19.0217035 -3.68518736
6.07996494 14.06298771 -0.3931431
-5.17663969 5.40990914 6.77151039
-9.3430239 14.18677557 0.46537995
7.64690883 15.71476772 11.19855953
-8.63674122 12.99720674 2.97068488
10.76593474 8.61995994 7.52446598
5.86645456 3.15466566 3.51754651
-9.34096448 19.30063676 0.64398927
-9.40366056 16.60352065 -2.23690763
5.40835335 5.17003192 -2.36345969
-9.46151487 0.04403051 -0.41225208
6.05612748 1.37995452 -1.15740088
5.66525677 17.55549407 3.87417094
10.68500062 15.84723041 7.78628132
-3.90578761 16.36068834 7.45226745
10.43574097 16.02057786 8.09723954
9.67174077 12.62563855 -6.86398512
4.37046762 15.12302601 5.69957843
1.5188612 10.71735229 7.56099352
3.15435694 9.14381348 -4.37927387
5.6498442 20.57474736 3.99097309
4.78287462 11.9811108 13.00168575
-2.67876413 14.64950296 7.7062261
6.01518452 3.67132732 3.27065228
11.85355824 4.20272227 -3.20609714
3.30772234 1.1508573 6.63175089
2.57922781 5.74671556 -4.5529086
6.30653028 18.19495556 0.24264602
-0.68713372 7.8127717 7.87089589
11.68839418 15.1772173 -3.84771589
-0.72257536 1.18237951 -10.86841701
11.39422002 13.99267217 6.51008814
-9.12523125 4.83860273 1.34584507
1.62238068 1.24040454 -11.02814605
-3.7463868 3.51055728 7.45168973
4.52245976 16.28152158 5.52039268
-3.81678238 14.71278475 -9.88691623
2.0144196 6.43164134 -4.75101632
-9.01246911 12.40720251 -3.96514142
2.89539358 12.78335522 13.62835092
7.98777796 9.55717818 -8.55616166
4.44137693 7.13892163 13.00918693
12.01019822 17.96463337 -2.84801614
-9.24739343 18.79545146 -3.25795124
2.7218123 6.21228581 -10.91495873
12.62547288 15.67565584 0.81533347
-9.36882989 11.07375958 -2.5444126
0.16507684 15.2736359 -4.65098047
-8.67177953 1.66114541 -5.00474484
-8.91235932 8.18244668 1.92789177
0.84287417 3.80249168 7.72062524
2.67597869 8.33373855 -4.44011404
-9.15688817 18.50123479 -3.42460856
11.56659881 11.26783534 -3.90719495
6.36051898 14.84726577 0.28946823
0.67146213 6.55937028 -4.77627387
5.68318744 18.98265604 12.40713422
7.78431209 1.00879592 -8.80318169
-9.36523656 9.137447 0.58260173
1.70694323 16.781606 -4.69254803
-9.24478585 16.45582069 0.87966821
-7.16873169 5.11514812 5.13638876
-7.53692269 18.06330626 4.53952586
5.60744956 5.00597139 12.59700483
6.32829504 6.62589319 1.8965822
5.23418299 10.27740647 -10.17063901
4.80267157 2.68944439 -3.1318734
10.96058528 10.47201545 -5.19256475
-6.17094953 17.47344324 6.11065983
2.49619815 8.60808262 7.02970563
6.22484529 20.88198516 -0.50079868
7.29654351 15.81553406 11.36920039
6.11579719 3.20796491 -9.91337278
2.27765716 12.00323007 -10.99309606
1.68655622 12.11893127 -4.8068557
-9.48203076 12.02343633 -1.28604604
4.8268245 16.93943942 -3.08425609
12.08956248 2.2693428 -2.61111086
10.06770709 0.40869136 -6.47905182
12.5553912 9.62291682 1.12521781
-3.24700859 4.98833065 7.56200329
2.45895689 17.15585895 7.15136026
2.4063654 10.70130808 -4.65657245
6.63955218 8.9258209 11.83209468
0.28293497 18.50445328 -4.75489334
8.07596752 7.87894157 10.84443998
5.98204906 5.28271138 -1.03123362
12.03784752 5.34213672 -2.99422601
-8.46965757 10.28015646 3.39536044
2.53905456 6.07315382 7.02200892
8.20116059 4.8523427 10.61544013
5.55043672 4.27992899 4.04793541
3.14735827 17.41877386 13.54452507
7.18280697 5.67196877 -9.30770765
-4.30781266 3.54866044 7.20294293
8.94099856 2.01113195 10.0736468
6.39856099 7.23633744 1.70653234
11.65643098 18.10385572 6.02573596
-5.49767147 5.36444089 -8.96524775
-4.82133975 15.46752836 -9.35463153
0.43784373 4.17298521 -11.00130793
11.99773772 10.62903213 -2.90251382
12.00878292 10.03097886 4.53235053
-9.10329506 10.11906534 -3.7684847
4.39622764 16.86334806 5.68355402
6.17660753 1.47501489 2.16409692
6.33766066 11.55656505 0.94047186
-6.84003041 3.97844992 5.48666668
12.56910609 10.81000499 1.70802158
6.35048602 14.71380235 1.09267503
2.9154868 4.83905849 6.81206593
6.30382385 5.09028466 0.54361376
-3.57401697 14.22852982 -9.99868365
1.00184366 14.56260177 -4.79038376
0.32890113 15.10036983 14.08816245
3.74756378 7.23765294 -3.90224388
1.58079834 10.78630969 7.47957451
-2.61304599 18.70207259 -10.46149206
12.50222024 20.18018737 -0.71301802
5.64694958 19.52915801 -1.90872905
-4.51304695 12.58943998 -9.60264419
-0.48898967 2.94869754 7.91035087
11.09874243 16.60550942 7.10805411
1.25544481 9.3617686 -11.13993788
6.19835544 15.11146249 12.18018097
-5.23591529 1.94088341 -9.08313326
11.62319317 14.00751332 -3.95850078
12.24494893 0.47613798 -2.10866958
1.59528503 6.12423474 -10.95208919
12.42237228 18.30820591 -0.69475709
4.24990901 17.96734022 5.82298205
-5.752553 7.41069089 6.29270208
6.24052418 6.19371105 -0.38703009
0.2861742 7.3262957 -4.76224028
2.91789202 7.7427223 -4.32845225
5.65034129 20.56747163 -1.89594575
4.52894514 4.65393777 -10.46106545
12.66217777 3.73311737 1.65906017
5.40976564 6.79278537 -10.16473911
7.45993514 7.60113698 11.34117237
-9.05878667 4.04946818 -3.96062776
-7.73757133 3.11442739 -6.62099631
-8.62395399 1.95882871 -4.9315464
-9.04712204 2.81040961 -3.68549232
-1.72089577 10.77558327 7.79995868
9.99339321 1.9981965 -6.38588536
11.47706778 3.56088059 6.30952419
-9.32372437 11.88909699 0.35264055
-4.68927177 7.50815142 6.96647371
5.60491745 12.34002757 -2.06583825
-5.65002149 13.63401328 6.37273546
5.18803702 6.84469328 -2.68647888
2.59434771 20.56406124 7.04200364
5.95181968 15.68385355 2.94296958
-6.58745959 11.75625728 5.70357252
10.59176705 18.59919226 -5.85247727
0.58315317 19.83920706 7.72395531
-9.19164155 14.06251635 1.20263898
0.94088043 13.83345683 7.65202507
4.54016508 8.57354997 -3.39298755
5.89695998 10.03227203 -1.27592209
8.17038226 8.31321323 -8.46809183
12.55248736 20.69460087 -0.18153066
-4.01568032 15.9460954 -9.7926447
-9.10183632 15.87705974 -3.80346092
2.87225649 5.38069943 13.60171422
-4.21227228 13.11849777 -9.72169103
12.21079772 6.35317028 -2.18171703
12.11971318 14.59552531 4.80622752
11.69425942 18.22745207 -3.9241835
1.53841755 19.82011077 13.9295741
12.63872099 12.10280781 2.25893548
-8.99907982 2.51966369 1.97296754
8.59180359 12.48009479 -8.06066629
-2.49691951 7.17386177 7.719171
-1.86474916 13.33455122 -10.56107441
12.31667584 6.97976084 3.36706037
-9.46030011 1.96134222 0.11404822
-9.46743719 0.91404728 -1.78044845
12.48367703 11.65528356 -0.48155762
-2.45700161 3.89266712 -10.57901326
1.36820273 11.67287067 7.504589
10.68944343 6.64815186 -5.5086817
3.95069629 17.12880914 -3.87679957
-1.32999912e-02 1.81571084e+01 7.79004987e+00
8.99664497 16.3770033 -7.71389929
10.77222891 12.70456784 7.57478269
5.85821481 14.7925005 3.49314729
-9.33868142 19.61414832 -2.14171157
-9.30631832 6.72382639 1.09080509
6.27073491 5.20881263 0.59145843
-0.60715013 1.09125225 7.9177103
-7.5197654 13.91825537 -6.80846339
4.29902503 1.99241064 -3.53805999
12.28024068 7.55016451 -1.78684571
0.25656245 11.09983847 7.72659677
5.46475752 9.56939958 -2.1488956
5.99414322 1.08355369 -1.01544036
7.84497066 1.87212801 -8.65549148
2.22402612 20.48921325 7.19522837
-0.03075802 11.82098702 -4.73746163
3.00626191 14.01907349 -4.33750749
3.53800464 3.50078631 6.45703966
3.93796912 11.75683344 -3.8878026
1.87493434 0.8688901 -4.73457201
-2.6822979 5.50237466 -10.31300431
0.69917095 8.3650115 -4.77589153
5.88475892 4.14759655 -0.97054123
-3.91744927 19.33747863 7.39954274
1.36925955 7.79918536 -4.88644174
-4.94137357 8.80876858 -9.28247518
4.27382822 9.36374816 5.7895089
-9.1009025 1.1453423 -3.7135346
12.00605134 18.24477395 4.68802287
3.53743108 16.23451401 -4.18691489
11.11330144 1.6878215 6.98011
12.05025692 2.7817134 4.58327526
1.13683999 8.40773529 13.97346628
2.94150065 0.1214623 6.88324188
-6.11171004 16.04380958 6.01566274
-9.50828964 20.86834399 -0.71669121
12.40860605 2.10612982 3.73841579
9.99074345 12.03399697 -6.5212645
2.33280273 15.99893752 -10.96290505
4.54771835 0.62878201 12.98010878
6.15602847 20.44661171 -0.3644884
-1.55275602 5.69833796 7.88398512
2.88122163 16.92336917 -4.40863101
5.26427703 20.01306871 -10.27342442
2.79936699 18.92269047 6.89185357
1.27056073 15.96316169 7.61119082
8.83685252 15.0452962 10.1687812
-7.93882646 16.52963832 3.9959597
11.06865518 2.51733553 -5.03868082
3.63280464 1.47008147 -4.02264088
-9.42210742 12.29769459 -2.35516997
-9.46878843 8.24286051 -1.71218217
-4.64459611 13.11076536 -9.51287445
-7.66332532 14.07496303 4.42669803
5.64563381 7.62826841 3.86043259
10.25914574 16.95895478 8.51073221
12.0099728 5.82096606 4.75773487
-9.11594699 18.74323218 -3.78582841
4.19611488 19.60274674 -10.48119032
6.27877933 13.33586072 1.38696543
-7.98021785 10.86618362 4.09013129
-8.955514 7.17166789 2.04946194
2.47147175 3.35094949 7.1415125
3.74014227 1.37307889 -3.9546718
1.65931779 4.95409627 7.48566934
-6.71323154 4.6482856 5.5066799
-4.17162441 1.62248176 7.27343065
5.78209643 13.12031802 -1.65568318
7.88555946 17.10280884 -8.56604594
5.93044415 5.2647922 -1.29087114
2.04961092 2.98278587 13.75941603
5.48387305 5.55082189 -2.20452086
4.62775106 18.83564528 -3.28065784
5.14082851 18.70335334 4.76435016
12.64099759 6.06612538 1.7751594
-9.61431975 17.6263039 -2.05525474
2.5663896 14.37149887 -10.95397529
10.00791157 13.54308925 8.71333344
8.58737208e-03 2.97954932e+00 -1.09549054e+01
5.82200329 11.29163804 3.61940835
3.60794196 17.05491173 -4.1006614
2.97413387 20.18421367 6.75875594
-3.66398311 13.16128297 -9.91394664
-3.49861356 12.10261514 -9.99464965
11.09751501 10.67255365 -4.80961387
3.57457476 10.05999351 -4.10569068
-3.4589585 12.22074762 7.51687413
-8.91142772 18.90541304 2.15315547
8.0752127 4.76697612 -8.45187871
0.96100365 14.06468875 -10.94721095
12.39684652 20.45108479 3.1903608
5.9039473 6.86825765 3.32724926
12.5691427 6.37361207 -0.10638765
-7.82382004 11.49780319 4.34337142
-9.40751 16.70602477 -1.95914867
6.88966607 16.37601449 11.62760971
12.1138948 6.40026239 -2.43867444
7.67840573 12.5557657 11.17660104
-9.40606665 3.11553081 -2.34282949
4.98036313 0.3138374 4.91587849
11.95667365 1.4236811 4.86605591
1.19521229 2.1978286 -10.99661073
4.26780348 8.95793776 -3.72555354
2.89577922 10.94245666 13.58340773
8.61801286 16.86512867 10.3087531
2.63990005 14.07391244 -4.62180628
-2.53782427 4.04759445 7.75703579
0.08977244 18.77541908 -4.72091655
3.46073003 4.45788311 -10.74320777
3.84805949 2.81121231 -10.73287006
-1.06377154 8.63824573 7.90925131
-1.70861136 13.35828452 7.83261669
12.47766001 0.60935456 -0.60244738
4.67236679 18.66370236 13.00491989
10.98681283 4.31798158 -5.13643888
-7.24611182 4.76645804 -7.13253189
0.94958364 3.35921925 -4.84588748
-1.76246402 2.11541658 7.87063441
12.29562689 9.51572188 -1.80098809
0.43987874 1.47016924 14.11116661
4.1658372 18.74630223 6.02487557
5.39167365 2.53588887 -10.13875964
6.72881031 7.18647167 -9.40019878
-8.55919859 2.00281127 3.20229807
-9.40558421 1.20581763 -1.23935001
2.59889112 6.68165855 -10.92975228
11.13016641 6.24922054 7.09952168
0.55655922 2.11226986 -4.72736182
-2.26106877 15.67257145 7.79533927
4.78995123 0.31040896 -3.08455435
5.34061701 20.22939522 -2.37698841
4.38720368 5.24196194 -10.51316763
4.61525112 7.17307396 5.31888624
12.22709328 4.47897368 4.21422703
0.32449143 20.98486254 7.80656826
-8.19106942 15.11214213 -5.74506364
6.36967013 4.087313 0.89762718
0.09918612 6.99420204 7.88500925
-9.27647856 0.35133758 -2.92752889
11.42026313 18.84687073 -4.28238984
8.61504852 7.45395147 10.36859284
-7.75348672 7.48098121 -6.56008268
5.70948338 13.67432472 3.98969167
-9.31464446 17.01312834 0.41629276
4.51385721 20.02883175 -3.36188205
-4.12304039 13.42690331 7.35722019
3.07965033 13.12551005 6.77128457
2.16740718 3.74251478 -4.64020943
12.57524686 19.31214799 -0.45620123
6.88639934 0.30218276 11.73344116
-0.40257904 12.00679472 7.88223907
3.35025758 2.57839561 -10.79755283
-0.57541382 0.12632244 -11.01937569
11.75105959 12.01236132 -3.46517626
-3.75257108 16.94912158 7.39051078
-9.36715784 20.25804698 -1.90626907
-9.51126928 13.16580335 -0.56983204
-8.24916597 8.42531988 3.60447199
5.80024078 10.85198656 -1.65451982
12.30422861 19.88689219 3.88020541
0.50169862 8.67722455 14.09092522
4.81208933 18.12390918 5.10640274
-6.32730349 19.61738491 6.03308997
5.66865793 5.42194206 -1.74960326
-3.53471906 8.09028017 -10.071929
-8.29172425 6.35122646 3.74256787
3.41978226 20.66618333 -10.83050796
3.23971165 13.42411945 -4.22191279
-2.8949031 19.68388359 -10.27976325
-8.49797914 13.26034898 3.16546999
5.85939978 19.2381368 3.33575654
5.83338203 11.60239657 3.52537833
5.06374203 20.53379504 -2.81531665
-6.40242435 4.87845687 5.86393082
-4.97029533 9.70035075 -9.33829096
5.91044572 10.48640131 3.19508131
-0.88837922 3.94743672 -10.90664892
-2.02324524 10.7836454 -10.61807967
1.68637362 2.20651505 -4.74458736
-2.91092546 16.20642012 -10.28071727
1.64879953 19.34269037 -11.1129452
3.14806304 14.15298735 13.57321706
2.00111021 7.66855658 -4.7214007
5.97872303 20.84253371 -0.99881411
12.52580614 2.46776922 3.14143163
10.92607393 10.64230234 -5.41243612
-7.28830119 5.88637397 -7.29273894
5.01370567 4.53565594 -10.31653756
11.58609188 9.00995922 6.15491931
5.34738867 11.82274683 -2.38450716
-3.98088564 4.19674276 7.38040337
12.58512459 0.28839377 3.03714235
12.59405353 17.10802808 1.87110594
12.41026289 15.14888021 2.57128214
6.97948236 13.04167897 11.55504296
3.04202983 17.84257761 -4.25263855
4.60048353 8.81980387 -3.30959135
7.87837192 16.4479616 11.01114599
-9.23659428 17.15544127 1.23126216
-6.7777961 15.21097956 5.53852824
0.54332816 16.10466353 -4.88023299
-8.64576008 9.85868918 2.79597333
11.98738729 20.43695387 4.97710363
-4.63976385 7.8835559 7.02329206
-9.26379916 18.52577544 -2.95336685
4.26612047 14.10599345 5.8599669
0.25527687 3.54682425 -11.01339812
1.70835297 19.24502194 7.44230954
3.31793425 7.50802705 6.63382919
0.43447528 2.65214608 -4.78764092
8.22229465 7.14196568 10.59001613
-9.33515141 6.26455954 -2.52556716
6.18908943 4.06032245 2.25495103
-7.80233 17.3473379 4.32020918
6.33725731 2.6041053 1.73766753
4.54638215 2.38255253 -10.39502121
11.98561597 2.81266627 -3.01570243
2.36760766 19.94586658 -10.92792206
1.60572103 4.60779813 -4.79658074
-9.47330418 9.87545542 -0.90808238
6.2824911 16.13654003 1.47772952
-4.29850681 11.31911244 7.22668253
11.73732486 3.65551773 -3.50685589
6.54050821 8.58949772 11.87883292
2.13837302 4.49087754 -4.60890506
-9.29764763 6.14089241 -3.15415107
-1.0728866 20.54934484 7.93598435
10.25274954 20.68352129 8.37991915
5.10954474 2.33526853 4.83511964
12.19146048 20.45768287 -1.9692696
2.48797814 18.84976758 13.74864755
5.61387419 19.73362753 -10.00902187
6.62533015 1.1615165 -9.50480708
12.48466452 14.67237804 -0.94645402
5.17340446 12.18810615 12.85641267
-9.42475609 15.86515809 -0.72422164
6.20335783 7.24353774 2.49429182
-6.72241036 6.91211087 5.48165677
5.44702318 5.40869398 -2.13807887
-9.44340342 4.38105155 -1.14683589
-7.89163434 12.60673193 4.17542668
2.50925049 11.51309059 7.093889
3.23676943 20.08294106 6.68247135
4.75852336 6.0164545 12.89010377
-9.34218435 2.91229883 -2.34346464
2.55156381 14.31288623 -10.90996254
3.36261919 20.71767837 -4.22415914
-8.0696857 9.69327792 3.90059262
6.36945923 18.76747383 0.97643459
1.44351942 11.78698924 7.47109651
3.29344748 8.15594144 6.56112019
-4.90546433 0.91473321 7.01530492
-9.47160939 20.49677657 -0.02827773
-4.16711929 12.88491235 -9.64128615
5.14985858 0.66719506 -10.27067104
11.29344846 15.21784594 6.38788189
11.76782042 5.34264618 -3.60738447
-7.48060661 1.43096739 -6.94526827
5.94378712 9.63741199 -1.43832682
-9.35507521 8.67220288 -2.24215156
9.76693796 6.9528038 -6.91211826
3.26007026 0.39898591 -4.25295896
8.95331226 4.76371318 9.99791545
-0.28950604 1.25505435 -10.88087461
-7.36778082 19.41977641 4.78151371
-8.38471426 9.34023221 3.36208428
-1.82315644 9.64860241 -10.64007534
7.90348736 16.68021278 -8.67001988
3.06411042 18.65425999 -10.87501452
2.5162152 15.96095816 -4.56835597
-9.40943514 12.38921717 0.23819894
-8.30657186 2.78143399 3.51172374
9.82247552 12.83960413 -6.9577058
11.4609328 17.83684525 -4.08946744
7.90753226 5.72873725 -8.63123774
6.29878039 10.07547407 1.88358731
4.54549841 16.36341661 -3.3515232
2.947556 13.18001483 -4.42955011
6.30124316 3.16542566 1.82940637
3.29011783 18.88266178 -4.24855611
-7.99028814 5.702777 -6.28148321
-9.35834661 14.05442747 -2.93144515
-9.14413981 1.77239856 -3.64782246
-5.51154547 14.49616057 6.49005994
-8.72019829 9.82546332 -4.49171169
1.47248887 16.7278112 7.39182045
-4.85825237 0.93132447 6.89516296
6.09511772 17.76325832 2.89785356
0.9070858 10.42075827 -4.84419123
-4.72642921 16.96248576 7.05583543
-5.49693932 18.02592373 6.48802457
0.5771356 18.3757328 7.81136971
1.5035116 2.34807927 7.46168618
-8.82768119 14.39898 -4.43778239
-6.78689519 13.80885051 -7.68840325
-7.80650451 9.84894444 4.3573071
6.07201027 19.58857037 2.77645895
0.12970507 13.86565802 -4.75382217
0.63851028 3.5717733 -4.83205013
-4.16776866 13.05117783 7.26294558
0.82608146 18.5049482 -4.80292208
-1.5788608 20.04385504 -10.68792727
1.09019741 1.69936754 7.55868947
3.91478238 1.25670463 -3.92221178
-5.95333606 3.55565485 6.12932305
-9.19853789 8.672773 -3.12568093
-4.55175504 14.62567513 7.11860516
2.75784861 13.60553499 6.86584939
12.39800065 9.50159815 -1.17160091
0.23848836 7.81317557 -4.86179161
12.24851618 8.48718784 4.23316082
11.62275178 4.24357575 -3.81964118
0.36578569 19.17389504 -4.88127257
-8.91394139 7.70059189 2.18918569
-7.22992034 13.63389464 -7.04882686
11.23542579 20.34184181 6.78648496
-7.79579503 19.95057084 4.29177737
4.85317368 3.94251356 5.0323646
10.90617316 15.9771134 -5.43634396
1.37547035 6.30859059 -4.84386146
11.97464952 11.52055414 -2.69629453
8.56037204 17.42840891 -8.24257426
1.79320174 8.42014076 13.88063299
8.17315512 5.04667403 -8.50429123
-8.89041048 2.62937825 2.14790238
-0.25093659 6.2562748 -10.90917631
-9.27366413 0.9484147 1.36273873
2.83615399 18.4897759 -4.41016756
1.43410979 9.50000883 7.55814103
9.35356313 12.36025618 9.48341702
1.31544049 4.77143361 -4.74633063
0.02305429 6.45879305 7.91427263
3.95077864 2.70712795 13.30683911
12.23451994 17.10406902 -1.80573244
-8.81706181 7.58897244 2.6021152
4.6482384 7.9478276 -3.150393
6.16181276 1.70863215 2.51877317
10.59481481 18.00370332 7.88179235
3.68643213 11.82177509 -10.67235573
0.30755618 2.32582882 -4.73408321
-9.49315223 13.00360485 -0.44455934
3.91789978 10.18389692 6.16560718
2.77429669 4.40709378 6.96439707
-9.1289825 3.94073104 -3.77847706
6.04582826 5.79672634 -1.05814934
-5.02495562 19.24625194 -9.23569406
4.74509492 1.65444366 -10.4288748
10.55024647 17.29770187 -5.79425318
7.05478237 15.47837996 -9.28761879
-8.54627191 6.79433636 -4.98094351
-9.46346154 19.08901187 0.03680469
8.64487282 8.3034749 -8.0560801
0.13938531 6.5565027 -11.02474047
-0.70211684 15.15280873 7.84787716
4.57188857 13.34300461 -3.32058905
8.22004016 9.48738316 -8.41363616
12.65154094 11.16995622 0.54936995
0.20105996 2.25359473 -11.05392563
6.40769131 6.24659106 0.62284034
4.37422228 1.68429751 5.73641942
2.60504683 6.93430575 7.12195515
-9.22229693 20.79761227 -3.58947351
7.65118414 14.71337572 11.28579089
5.71945496 19.5997851 3.87837543
6.45992761 2.16567916 -9.60200375
-7.09195909 13.44747949 5.2689943
1.15127607 3.57789234 7.63688094
-9.27073523 5.03158266 -2.96026379
6.08038517 20.61498761 -9.81285863
5.63513558 5.92196544 3.82128305
6.37608751 8.06921378 1.43703896
2.98907716 7.87527768 -4.45185099
6.08909829 -0.0216162 2.79369749
6.30740212 19.20944244 0.45501567
4.98863588 20.74368655 5.00218354
-1.39131945 19.03825008 -10.69785395
10.88002775 7.83445249 7.15897294
-2.82667353 12.60955555 -10.44108587
5.87310411 18.39777959 -1.34111177
3.1805227 7.49233292 -4.24661536
9.13633056 17.77483485 -7.43716806
5.72103677 11.7550815 3.74551577
-4.70945308 15.74292064 -9.37726871
4.86257077 1.89869335 12.85753486
-7.91638434 4.44293298 -6.28875337
-8.67432181 10.0234919 -4.91005162
4.86693109 5.32268686 5.15012908
-5.61790021 12.32195149 6.50165496
2.68977271 13.5952142 -10.86378181
-7.25311865 2.80066727 -7.31330144
4.20723549 11.80612281 5.9099597
-0.60342193 19.54986696 7.88010413
3.36265193 3.1324651 6.56739273
-6.25517877 12.71161914 -8.18442745
2.09445096 0.67431609 7.24907281
9.17394284 2.63496433 -7.56719701
-5.39484468 4.89894727 -8.98184258
5.01774034 7.82248462 -10.21903963
2.13260481 13.27967903 7.28179695
-7.69002814 18.92694372 4.35631356
5.90873686 6.47000277 3.43380203
-6.01459104 16.09139963 6.09344214
3.6865024 15.93040955 6.33208083
-6.95708737 2.95780181 5.21695123
1.87733434 11.41059845 13.89357735
-9.39305969 12.65541874 0.63609782
3.27311282 3.50966503 -10.76098949
6.24423324 13.59520752 -0.71767067
9.94611348 3.27864729 8.86735126
4.05049083 2.04492832 -10.68433094
4.6241439 2.48435604 5.40617335
3.94215798 6.46585111 -3.86514268
3.11836421 3.04771653 -4.30299457
-6.60602229 14.49281904 -7.85208489
1.68111885 3.39187499 7.5007597
12.2480145 13.82761162 4.14823519
11.44241994 20.48405404 6.16498677
-6.84337246 18.6677876 -7.67666211
4.46824521 8.55932717 -3.30585495
8.59990233 14.61597836 -8.13984263
-8.80367753 9.01026768 -4.34093293
9.39820896 14.5900041 -7.05904087
0.07151002 16.65156279 -4.68937147
1.95977373 1.1529126 13.85747507
-8.2546152 14.83341643 -5.69855973
5.20662495 15.45685861 12.73845511
0.88599251 18.55242381 -4.7437093
-0.40196867 10.27962649 7.91272705
-9.24917467 12.44796436 -3.20388525
-4.22978292 7.16412222 7.24806889
1.51267277 8.07807869 -10.95149427
5.9879848 10.30558119 -1.21014153
0.04764 19.53836921 -4.68548914
-5.77594959 20.0121999 6.31162549
0.54004467 1.71328956 -11.09271869
-8.44523068 20.3228604 3.1823851
-9.06518771 7.33150447 -3.52378453
1.04787603 19.841632 14.05574631
-9.30949699 8.8129887 -2.17771239
5.85441822 0.67293587 -1.49780565
0.30554525 5.30045779 14.11683914
5.51136333 6.79504874 4.04592685
-6.26808929 2.66124979 -8.34100988
-8.78928867 12.20223945 2.374832
1.60784887 9.62621479 -4.67414408
-9.44139136 17.82941073 -1.6052033
8.81609109 1.82408327 10.15364801
4.24790961 10.71155179 -3.60722506
-7.37705136 11.99353588 5.06988669
3.22264611 16.62512545 -4.18371804
-7.94983877 19.20603591 -6.28034188
1.85254132 5.48853248 7.33385725
11.58854248 6.26140773 6.08438769
-8.73123226 18.6488218 2.72020102
5.71995883 1.50719044 -1.74222614
0.10478092 6.15425692 -4.75637141
-6.68868563 9.15755474 5.55410151
6.4893092 6.06984907 -9.62357587
-6.94164137 3.65591831 5.42080541
5.53296578 3.51845356 -1.96195902
8.62968228 6.42265061 10.27644597
-2.09390852 12.09842733 -10.52626498
0.55562097 7.67671823 7.73493126
1.35216773 19.86653575 13.97416346
4.24992002 20.36667163 5.92072541
-6.13834288 20.40228002 -8.34723037
-9.47822759 14.41799356 -0.41627804
3.85941808 15.28247645 -10.72484246
-9.47614158 1.11211211 -1.55767176
4.10829123 10.95214473 -3.72994985
-8.27137355 7.71306086 3.58181857
-6.1772325 11.0979078 -8.31305866
7.93336344 15.25406487 -8.7077524
11.45881938 11.44325815 6.27457919
-9.35424723 3.68435289 -2.34847793
12.64907428 15.06246265 1.09968165
5.92654092 8.83813255 -1.50890089
-9.41591916 19.51465137 -2.43611243
6.75996176 12.64754736 -9.38280221
2.16829598 16.27333209 -11.07564672
-2.25108146 0.07242776 7.91600586
12.27298075 20.82227443 -1.78745849
5.95840192 6.987269 -1.15421763
6.52317344 2.14630853 12.02875429
3.15761334 20.68952433 6.72545969
-2.22497052 7.96684797 7.77425921
9.83749246 10.32912 8.95884967
-7.34953814 11.52681225 4.99446567
5.80857417 19.34842595 3.40849203
-1.63465327 5.00753135 -10.80189283
11.89274731 2.64012489 5.09057806
-9.39605124 18.13895389 -2.50842869
-9.20553054 7.58854551 1.18508851
6.37702053 10.13765693 0.85905949
-7.76794289 8.99831157 -6.4600326
11.32169209 9.79946739 6.57491765
6.26291806 4.10854894 -0.2865978
5.81863035 6.19223392 3.55840827
11.59158069 6.2717372 -3.82061986
11.49328188 20.63810731 6.18678819
-1.63037958 5.05166628 -10.76508748
6.92067784 4.2899976 -9.35619158
12.3064112 13.77486837 3.51944331
0.3888962 17.08557779 7.77657332
-4.00460955 8.11438054 -9.80771825
4.15877945 2.9493668 -3.76353008
4.87783319 16.43445935 -2.99646567
5.46907709 7.4646491 -2.4037169
4.27381308 10.07129889 5.81234736