[-4.45606092  3.52286316  7.0712301 ] [4 class/cluster]
[-5.58970468  7.19778339  6.43945036] [4 class/cluster]
[ 5.77591099  9.95254627 -1.57433599] [0 class/cluster]
[  4.18835003   6.14455235  13.22479197] [3 class/cluster]
[  3.63304376   4.52922424  13.36592754] [3 class/cluster]
[-7.80702877  4.43816039  4.41581531] [4 class/cluster]
[ 11.88846963   4.33871983  -3.04385726] [5 class/cluster]
[  1.15579051  10.05607555   7.67177217] [0 class/cluster]
[ 3.44649591  0.3069567   6.56456622] [0 class/cluster]
[-9.41241699  8.7509647  -0.93221507] [1 class/cluster]
[ 6.34970644  2.01039558  1.27191881] [0 class/cluster]
[ 1.94395397  2.95732122 -4.68401193] [0 class/cluster]
[ 4.97324     3.25895702  5.06600254] [0 class/cluster]
[-9.54019035  1.43699518 -0.89089964] [1 class/cluster]
[-6.41525726  1.56312012 -7.9993657 ] [1 class/cluster]
[ 9.52600049  3.70806206  9.29141397] [3 class/cluster]
[-9.48528026  5.75795666  0.60399708] [1 class/cluster]
[-9.42787337  5.66779342 -1.35944713] [1 class/cluster]
[ 1.07832551  4.68912836 -4.79417503] [0 class/cluster]
[ 4.85403004  9.5816323  -2.98649414] [0 class/cluster]
[-9.40769449  8.0584376  -0.62631271] [1 class/cluster]
[-5.07080042  4.61405474 -9.17534845] [1 class/cluster]
[ 2.77702582  5.73291886  6.96662941] [0 class/cluster]
[-7.83267381  7.81335266 -6.4385391 ] [1 class/cluster]
[ 4.46070918  0.41885325 -3.51125391] [0 class/cluster]
[ -5.34395961  10.38965397   6.6899633 ] [4 class/cluster]
[ 2.73352496  1.12349798 -4.47862509] [0 class/cluster]
[ 5.57893958  4.78230079 -1.8025324 ] [0 class/cluster]
[ 1.30547693  7.97653143 -4.83295644] [0 class/cluster]
[ 5.74493105  8.50041974  3.58580036] [0 class/cluster]
[  6.43519513   4.55322836  11.96597826] [3 class/cluster]
[ 10.83396971   5.70654369  -5.46221722] [2 class/cluster]
[ 6.12756754  0.54902986  2.50836056] [0 class/cluster]
[  1.64515416   0.42875673 -10.99220855] [2 class/cluster]
[ 3.57091331  5.24926705 -4.10881505] [0 class/cluster]
[ 12.5183567    6.40986908   0.79504638] [5 class/cluster]
[  5.00055212   7.62600425  12.76099568] [3 class/cluster]
[-9.53286     2.13727601 -0.06098632] [1 class/cluster]
[ 8.30785435  4.76160207 -8.21237723] [2 class/cluster]
[  7.45431982   6.84678955  11.40471846] [3 class/cluster]
[ 9.46954449  0.59006299 -7.15793881] [2 class/cluster]
[ 11.10536691   9.63830024  -4.88288369] [2 class/cluster]
[ 6.28631084  8.82701034  1.94156423] [0 class/cluster]
[ 0.55937333  9.13590346 -4.8363239 ] [0 class/cluster]
[-9.38262823  3.69637908 -1.71110453] [1 class/cluster]
[ 5.87683089  0.14612084  3.32142675] [0 class/cluster]
[  7.1184512    4.4688868   11.51003786] [3 class/cluster]
[-7.1846533   6.89445271  4.99292245] [4 class/cluster]
[-4.77390192  4.49662183 -9.37798542] [1 class/cluster]
[  4.46235762   6.21733784  13.13855436] [3 class/cluster]
[ 11.15128944   1.5270164   -4.86065322] [2 class/cluster]
[ -8.54550614  10.13917351   3.04093362] [4 class/cluster]
[ 10.33893457   4.99947637   8.07367633] [3 class/cluster]
[  0.14488948   5.66110112 -10.93036066] [2 class/cluster]
[-9.45220104  6.61946869 -0.31929892] [1 class/cluster]
[ 1.9416248   8.37154867  7.29795564] [0 class/cluster]
[-5.49147689  7.14678489  6.5431382 ] [4 class/cluster]
[ 1.52049073  2.84757565  7.57687008] [0 class/cluster]
[-9.47187723  3.25697856 -0.02019304] [1 class/cluster]
[  5.45515481   7.68471524  12.46523652] [3 class/cluster]
[ 1.69598335  7.05178088 -4.7682404 ] [0 class/cluster]
[  2.50008661   2.26549289 -10.85232631] [2 class/cluster]
[-3.18463082  6.22372672  7.54575361] [4 class/cluster]
[-1.21030699  2.98587144  7.83154292] [0 class/cluster]
[-8.8847799   2.22740213  2.53852398] [4 class/cluster]
[-6.77938481  5.13533197 -7.79187761] [1 class/cluster]
[ 12.32470825   5.65003994  -1.55687537] [5 class/cluster]
[ 6.36647582  7.15122701  0.40187935] [0 class/cluster]
[-4.09058993  1.89701893  7.32578721] [4 class/cluster]
[-3.10177271  8.17092007  7.69245485] [4 class/cluster]
[-8.48176764  0.63778334  3.05672791] [4 class/cluster]
[ 2.6218442   2.2796647   7.08776914] [0 class/cluster]
[ 3.98062814  9.85812337 -3.87231138] [0 class/cluster]
[ 11.71157772   3.05043019  -3.64092466] [5 class/cluster]
[ 1.83111221  6.80114267 -4.73859062] [0 class/cluster]
[ 11.32707521   2.72205438  -4.52005672] [5 class/cluster]
[-4.00901702  2.77942962 -9.84256536] [1 class/cluster]
[-8.35125698  8.52975149  3.3811908 ] [4 class/cluster]
[ 9.35592261  9.18021956  9.53150405] [3 class/cluster]
[ 4.25617025  1.33873049  5.84965343] [0 class/cluster]
[ 12.11901084   4.79337188  -2.61697789] [5 class/cluster]
[  3.9029423   10.19806684  -3.87899288] [0 class/cluster]
[ 9.62686428  9.12574235  9.26555749] [3 class/cluster]
[ 10.88060832   9.40274847   7.40527991] [3 class/cluster]
[-7.8733351   2.73661062 -6.29883077] [1 class/cluster]
[-2.53969934  4.34936318  7.6979525 ] [4 class/cluster]
[ 12.60390575   0.30010042   1.217867  ] [5 class/cluster]
[  7.51803587   7.24541787  11.38108229] [3 class/cluster]
[  1.54321253   4.79800298 -11.05716485] [2 class/cluster]
[  6.34705157   9.00900975  12.0797848 ] [3 class/cluster]
[ 6.10310537  2.59050683  2.73557414] [0 class/cluster]
[-7.78644503  6.38901739 -6.59171196] [1 class/cluster]
[ 9.49480956  4.83765239 -7.24733467] [2 class/cluster]
[-6.7579374   4.0530429  -7.62121198] [1 class/cluster]
[-9.43186084  1.79394618 -0.79822176] [1 class/cluster]
[-8.62336283  5.67072523 -5.05102654] [1 class/cluster]
[ 12.49677465   1.51210126   2.70222056] [5 class/cluster]
[ 7.72498155  8.08687287 -8.84575373] [2 class/cluster]
[  3.26449425   5.79222472  13.48033119] [3 class/cluster]
[ 12.44283732   0.82099908   2.87630776] [5 class/cluster]
[ 4.32023992  2.6947497  -3.63796913] [0 class/cluster]
[ 11.75172225   0.22924317   5.69593101] [5 class/cluster]
[-9.42041938  3.95948038 -1.6745918 ] [1 class/cluster]
[-8.49868079  8.56452677 -5.23776204] [1 class/cluster]
[ 1.82614776  2.12178685 -4.6813744 ] [0 class/cluster]
[  5.24900505   0.48168839 -10.18577671] [2 class/cluster]
[ 9.07228244  2.71548965 -7.57180853] [2 class/cluster]
[  1.07323948   5.90186784  14.08141548] [3 class/cluster]
[-5.63123743  5.2936391   6.52020543] [4 class/cluster]
[ 0.4816894   9.48099784  7.66701915] [0 class/cluster]
[  1.88554795   5.48859466  13.90093816] [3 class/cluster]
[ 0.77234839  3.41511424 -4.81775168] [0 class/cluster]
[ 5.7753479   7.68777991 -1.61067001] [0 class/cluster]
[-9.50614915  7.6107491  -1.41567825] [1 class/cluster]
[ 7.55090256  2.92653582 -8.97664904] [2 class/cluster]
[ 5.87741637  7.14261212 -1.34548221] [0 class/cluster]
[  0.5240183    7.39752103  14.09381057] [3 class/cluster]
[-7.05987227  1.66151033  5.11328893] [4 class/cluster]
[-6.04104316  9.52107061  6.13158936] [4 class/cluster]
[  5.22443515   2.88019965 -10.20306399] [2 class/cluster]
[ 5.56178443  0.35894811  4.15751009] [0 class/cluster]
[  6.06844864   4.26050757  12.31926497] [3 class/cluster]
[-3.9165622   4.40943556  7.28025884] [4 class/cluster]
[ 8.53842243  2.99717442 -8.16761092] [2 class/cluster]
[-9.48206555  6.58541892 -0.9712405 ] [1 class/cluster]
[-5.46590664  0.77441208  6.67303795] [4 class/cluster]
[ 3.6268666   6.18868625  6.27112515] [0 class/cluster]
[ 8.5755812   8.96704724 -8.23286753] [2 class/cluster]
[ 4.26959269  0.77749919  5.82920832] [0 class/cluster]
[ 2.82566679  7.70253674  6.86626912] [0 class/cluster]
[-9.53433059  9.48869145 -0.35354641] [1 class/cluster]
[ 4.5245663   7.76625655 -3.36120224] [0 class/cluster]
[ 2.18430639  5.04880032 -4.64166711] [0 class/cluster]
[  8.67485984   0.18795308  10.24142988] [3 class/cluster]
[-8.41458471  7.4157436   3.29383498] [4 class/cluster]
[ 6.1674633   2.45570853 -9.8174524 ] [2 class/cluster]
[ 12.53352592   8.11863104  -0.17149746] [5 class/cluster]
[  8.57533148   0.89787589  10.4239765 ] [3 class/cluster]
[ 6.39040105  4.19751941  0.32343283] [0 class/cluster]
[ 12.53312977   6.88733288   2.24080743] [5 class/cluster]
[ 6.30717436  2.05060738  1.94657295] [0 class/cluster]
[-7.14481276  4.83508629  5.13278862] [4 class/cluster]
[ -3.11553569   5.27133734 -10.22735484] [1 class/cluster]
[ 6.08302673  6.59348325  3.04804417] [0 class/cluster]
[ 2.57502137  6.359164   -4.48223452] [0 class/cluster]
[-5.10099588  0.5475468  -9.11820009] [1 class/cluster]
[  0.19283439   3.6415254  -10.96544617] [2 class/cluster]
[  4.08031012   2.93392912  13.22606861] [3 class/cluster]
[-8.40404256  2.07824507  3.32203735] [4 class/cluster]
[-9.08632837  0.62986629  1.65254209] [4 class/cluster]
[ 11.45027161   3.70940133   6.26812183] [3 class/cluster]
[ 5.71815091  2.17221172 -1.76726088] [0 class/cluster]
[ 6.06003394  7.040405    3.05932575] [0 class/cluster]
[ 5.7277926   8.9209135  -1.85938471] [0 class/cluster]
[-9.19786257  9.14870961  1.30979041] [1 class/cluster]
[ 6.08279113  9.03896012  3.00967852] [0 class/cluster]
[-8.0489086  9.4500395 -6.257813 ] [1 class/cluster]
[ 6.27797243  5.40949861  0.28742889] [0 class/cluster]
[ 11.44633917   1.37170526   6.27267572] [5 class/cluster]
[ 2.65303913  6.82674063 -4.45263282] [0 class/cluster]
[-4.03365007  2.14568471  7.22453955] [4 class/cluster]
[-8.67138192  3.22938003  2.61834472] [4 class/cluster]
[  3.67402158   2.28838848  13.40918972] [3 class/cluster]
[ 0.14266234  4.10548378 -4.76416317] [0 class/cluster]
[  6.01687357   8.8041285   12.26917059] [3 class/cluster]
[  6.24543005  10.07680038  -0.09606877] [0 class/cluster]
[ 6.08652734  0.28470731 -0.92188944] [0 class/cluster]
[ 4.00919235  3.39562506  6.00148199] [0 class/cluster]
[ 0.28460581  3.57870803 -4.81453364] [0 class/cluster]
[  0.43256836   7.51578683 -11.04585961] [2 class/cluster]
[-4.19881018  5.51264089 -9.64869458] [1 class/cluster]
[-3.84619605  1.84541978  7.40087549] [4 class/cluster]
[  4.24585955  10.45305399  13.26896555] [3 class/cluster]
[-9.11091492  9.52536998 -3.80781052] [1 class/cluster]
[-5.86524423  4.04566563  6.32764093] [4 class/cluster]
[ 3.77446244  4.66516781 -4.09874344] [0 class/cluster]
[ 5.54741653  6.05107638 -1.98846192] [0 class/cluster]
[ 12.47741765   2.77412582  -0.78331484] [5 class/cluster]
[  2.99234952   1.95145181  13.70424952] [3 class/cluster]
[-8.653497    0.31913246  2.93437943] [4 class/cluster]
[ 3.74607368  3.23182483  6.26521157] [0 class/cluster]
[  7.32195937   6.90141176  11.30648044] [3 class/cluster]
[-4.43756372  3.84236895  7.09339858] [4 class/cluster]
[ 2.79253546  7.01106675 -4.30974122] [0 class/cluster]
[-9.32767577  5.90335731 -2.45568481] [1 class/cluster]
[  0.24117108   9.06975832  14.09591357] [3 class/cluster]
[ -2.81487722   5.63711205 -10.32164408] [1 class/cluster]
[ 4.50817329  1.17383824  5.71271017] [0 class/cluster]
[ 1.13768779  1.64124852 -4.789673  ] [0 class/cluster]
[-7.77808296  3.64292019 -6.56954236] [1 class/cluster]
[ 5.41716886  7.01601893  4.33566214] [0 class/cluster]
[ -1.6736416    2.6835577  -10.68732303] [2 class/cluster]
[ 5.71998236  7.82307042 -1.56380807] [0 class/cluster]
[ 2.43413493  3.61215267  7.15456702] [0 class/cluster]
[  7.0315426    8.26972186  11.60904304] [3 class/cluster]
[  5.21768765   8.09430941  12.66710865] [3 class/cluster]
[ 0.55930959  6.08810473 -4.78824925] [0 class/cluster]
[ 5.43787348  0.37956371 -2.18536763] [0 class/cluster]
[ 6.1632522   8.32227945 -9.78486145] [2 class/cluster]
[ 6.56075193  3.21528062 -9.57813217] [2 class/cluster]
[ 0.48526175  1.66618254  7.7513925 ] [0 class/cluster]
[-2.66130862  1.39410323  7.71696382] [4 class/cluster]
[  4.86046039   1.89891828  12.87621798] [3 class/cluster]
[-9.21565955  7.21860542 -3.2252837 ] [1 class/cluster]
[ 12.11627801   5.82868642   4.62158727] [5 class/cluster]
[ 5.71902724  2.21648517 -1.66514465] [0 class/cluster]
[ 5.15256167  0.7818935  -2.70206936] [0 class/cluster]
[ 10.77598464   5.30952933  -5.58393838] [2 class/cluster]
[  4.34992905   0.48085982  13.11114486] [3 class/cluster]
[  4.28253539   8.21196457  13.13546118] [3 class/cluster]
[  7.23302837   1.37841145  11.49753185] [3 class/cluster]
[ 6.35548896  4.36893896  0.48545673] [0 class/cluster]
[ 6.35706472  3.83186606  0.792767  ] [0 class/cluster]
[ 11.86294417   9.31525717  -3.42976524] [2 class/cluster]
[ 8.80280838  6.63284556  9.98782653] [3 class/cluster]
[-8.47002123  1.34609102  3.30486947] [4 class/cluster]
[-7.27204232  4.9202856   4.95666394] [4 class/cluster]
[ -0.51519431   1.00213931 -10.96721907] [2 class/cluster]
[ 6.13095657  8.60126993 -0.547891  ] [0 class/cluster]
[ 4.6648363   9.62453035  5.35121192] [0 class/cluster]
[ 1.85063673  7.51457001 -4.71858457] [0 class/cluster]
[ 2.53827375  4.55427028 -4.57364718] [0 class/cluster]
[ 6.400473    7.80372364  1.34555839] [0 class/cluster]
[ 0.51697477  0.47107743 -4.80758105] [0 class/cluster]
[-5.77209463  1.27596169 -8.69023585] [1 class/cluster]
[  5.82841669   5.57040859 -10.04824082] [2 class/cluster]
[ 10.4217833    5.15690578  -5.87321447] [2 class/cluster]
[  3.12476452   5.72408062  13.60410464] [3 class/cluster]
[ 12.07488503   6.25365945   4.43802141] [5 class/cluster]
[ -1.95477091   6.28802198 -10.58954225] [2 class/cluster]
[ 12.47978843   5.76840047   2.46131862] [5 class/cluster]
[-1.42584923  3.0149095   7.93672975] [0 class/cluster]
[-5.75380567  0.77414459 -8.6749842 ] [1 class/cluster]
[ 3.73711128  9.88345698 -4.05784084] [0 class/cluster]
[ 0.90986127  0.21812721  7.67538864] [0 class/cluster]
[  3.06610508   5.50278249 -10.90656468] [2 class/cluster]
[ 3.46063973  9.75550107  6.52824449] [0 class/cluster]
[ 1.02400676  4.01433521  7.71749039] [0 class/cluster]
[ 4.46424859  7.79604538 -3.48390241] [0 class/cluster]
[  3.83966688   3.24772009 -10.63888448] [2 class/cluster]
[ 5.18492852  2.04154577 -2.82150283] [0 class/cluster]
[ 10.22330162   1.57713591  -6.33125102] [2 class/cluster]
[-1.30503062  9.26441536  7.92442087] [0 class/cluster]
[ 2.90675396  9.38328784 -4.4375948 ] [0 class/cluster]
[ 12.48974942   0.91805053   2.96675866] [5 class/cluster]
[ 5.6021196   7.95053709  4.01136468] [0 class/cluster]
[-1.4202349   0.08881435  7.93244473] [4 class/cluster]
[-8.59330856  8.5183662  -4.92801012] [1 class/cluster]
[ 6.34622376  1.93701785  0.78514581] [0 class/cluster]
[  5.47076885  10.11967573   4.27894663] [0 class/cluster]
[ 4.45997611  7.28528401  5.59544879] [0 class/cluster]
[ 1.70848467  0.73624044 -4.80014506] [0 class/cluster]
[ 9.07591703  0.07502383  9.71093188] [3 class/cluster]
[ 11.81693151   6.49707361  -3.35629003] [2 class/cluster]
[ 4.08753397  7.82313551  5.95330435] [0 class/cluster]
[-9.41345436  0.99144128 -2.41864315] [1 class/cluster]
[ 5.89639918  0.73794757  3.45101433] [0 class/cluster]
[ 4.99966304  7.8665755  -2.76215422] [0 class/cluster]
[-6.74483774  4.68037859 -7.69031425] [1 class/cluster]
[  2.56785928  10.48637668   7.06835339] [0 class/cluster]
[ 4.68380983  8.92324086 -3.20673042] [0 class/cluster]
[ 5.51303424  6.97498149 -2.10701155] [0 class/cluster]
[  5.38781448   6.51232019 -10.12289641] [2 class/cluster]
[ 6.37044532  1.74215939  1.1113052 ] [0 class/cluster]
[-2.49899679  7.81132982  7.78729126] [4 class/cluster]
[ 3.66157145  3.46821222  6.38252889] [0 class/cluster]
[ 5.98819457  9.79897417 -1.22032712] [0 class/cluster]
[ 0.13280825  4.64946294  7.90341559] [0 class/cluster]
[  6.06974561   5.24446888  12.28735623] [3 class/cluster]
[ 12.30180392   4.84116817  -1.52350748] [5 class/cluster]
[ 1.94502229  3.22530583 -4.69261164] [0 class/cluster]
[ 11.24338551   8.52940625   6.89507236] [3 class/cluster]
[ 11.48458074   3.01112695  -4.37837625] [5 class/cluster]
[  2.79141603   7.32898255 -10.93180669] [2 class/cluster]
[ -4.39962756  10.19891691  -9.58565867] [1 class/cluster]
[  6.91476003  10.43854708  -9.31409102] [2 class/cluster]
[ 0.51262436  2.6435676   7.73467754] [0 class/cluster]
[-1.79939841  5.46837921  7.82098076] [4 class/cluster]
[-5.75152054  3.67466747 -8.67838839] [1 class/cluster]
[ 4.3043736   1.65407404  5.82757441] [0 class/cluster]
[ 5.96238888  0.42802704 -1.35485145] [0 class/cluster]
[-6.26313944  6.07883011  6.05846174] [4 class/cluster]
[-8.21984321  9.93602269 -5.64808979] [1 class/cluster]
[-8.72654417  9.50564854  2.64096346] [4 class/cluster]
[ 12.22673899   8.35992554   4.28396911] [5 class/cluster]
[ 4.02394317  0.94104932 -3.90457423] [0 class/cluster]
[ 12.41680396   3.17981643   3.30409364] [5 class/cluster]
[-5.07238712  4.28675858 -9.19397324] [1 class/cluster]
[ 2.58518214  8.27872826 -4.45753289] [0 class/cluster]
[ 6.34497759  4.1213722  -0.06416121] [0 class/cluster]
[ 5.25448574  6.25775849  4.6133839 ] [0 class/cluster]
[  3.50916491   6.09138683 -10.80031571] [2 class/cluster]
[ -1.76859147   8.77111082 -10.68884067] [1 class/cluster]
[ -1.05378783  10.34107581   7.89119524] [0 class/cluster]
[ 6.22553096  7.35598835 -0.12638424] [0 class/cluster]
[ 1.20105342  4.0905646   7.63096031] [0 class/cluster]
[-9.26328587  1.13614025 -3.17556296] [1 class/cluster]
[ 2.50472239  8.9237819   7.11302551] [0 class/cluster]
[ 6.84812013  7.65129802 -9.41781789] [2 class/cluster]
[ 2.55193116  8.95302108 -4.47534773] [0 class/cluster]
[ 5.93517563  1.72470888  3.4698235 ] [0 class/cluster]
[-6.95395562  0.96094037  5.27866691] [4 class/cluster]
[ -8.85064096  10.08896684  -4.59772227] [1 class/cluster]
[ 12.54177498   2.18076025   2.33744345] [5 class/cluster]
[ 4.15688314  1.47457778 -3.75102927] [0 class/cluster]
[-7.07740312  7.90786687  4.96181665] [4 class/cluster]
[ 5.37051475  0.27632196 -2.34849467] [0 class/cluster]
[ 6.27512933  0.81876776  0.2445196 ] [0 class/cluster]
[ 5.41866212  6.18128564 -2.26187673] [0 class/cluster]
[ 3.61280946  3.92521216 -3.98962361] [0 class/cluster]
[ 3.22574157  6.58645958  6.75904589] [0 class/cluster]
[ 4.98993172  0.62288934 -2.69407211] [0 class/cluster]
[ 12.64150191   2.26273363   0.71188653] [5 class/cluster]
[ 3.71660584  9.34660545 -4.05939544] [0 class/cluster]
[-1.91461794  5.06373294  7.90675001] [4 class/cluster]
[ -0.87118574   9.93846802 -10.81326977] [1 class/cluster]
[ 3.34142712  4.96546035 -4.2460443 ] [0 class/cluster]
[  1.90092447   1.63383593 -11.00062337] [2 class/cluster]
[ 12.43457685   5.67366705  -1.22601584] [5 class/cluster]
[ 8.58347044  8.36600567 -8.23426371] [2 class/cluster]
[-8.51347756  2.36381682  2.99862872] [4 class/cluster]
[-9.41887626  0.88953198  0.35709695] [1 class/cluster]
[  8.42806803   5.30859052  10.31470861] [3 class/cluster]
[-6.7235823   4.05590132 -7.89698209] [1 class/cluster]
[  0.0855342    9.6705271  -10.96192298] [1 class/cluster]
[ 4.17875407  9.95287286 -3.74263797] [0 class/cluster]
[-8.77363969  0.28186689 -4.65729175] [1 class/cluster]
[-6.95408765  8.73630568  5.43874072] [4 class/cluster]
[ 12.58679207   1.99976847   1.77149499] [5 class/cluster]
[-6.61529005  1.89351441 -7.71154035] [1 class/cluster]
[ 9.02919019  5.41267867  9.8027404 ] [3 class/cluster]
[-8.79941384  3.78348501  2.61980395] [4 class/cluster]
[ 12.40394489   0.99447082   2.92939681] [5 class/cluster]
[ 11.22509262   8.24932795   6.90858144] [3 class/cluster]
[ 2.10666118  5.25364342  7.12625568] [0 class/cluster]
[ 9.17602564  1.39996126 -7.6097881 ] [2 class/cluster]
[ 12.263448     2.55607928   3.95509604] [5 class/cluster]
[ 5.94210144  5.7943723  -1.16054779] [0 class/cluster]
[ 5.75759661  0.50103873 -9.9471272 ] [2 class/cluster]
[ 11.34930862  10.33024027   6.33094267] [3 class/cluster]
[ 1.01562832  8.56319198 -4.81313574] [0 class/cluster]
[ 9.62947488  6.76074328  9.19405437] [3 class/cluster]
[  0.16761702   3.58535746  14.1367041 ] [3 class/cluster]
[ 0.56225943  7.82938152  7.63193294] [0 class/cluster]
[  3.81646577   3.17713638  13.35694477] [3 class/cluster]
[ 12.38599565   5.61738259   3.72357624] [5 class/cluster]
[-9.36582884  4.63305155 -2.09995707] [1 class/cluster]
[ 10.59539544   7.80097741  -5.81053932] [2 class/cluster]
[  0.93018629   9.42354326  14.00183135] [3 class/cluster]
[-0.2941737   9.05544801  7.86666693] [0 class/cluster]
[  4.5307555   10.30912984   5.55236831] [0 class/cluster]
[ 10.57894667   7.27700346   7.93156388] [3 class/cluster]
[  3.1143241    0.49553095 -10.92053708] [2 class/cluster]
[-9.40716933  4.40385145 -1.35318277] [1 class/cluster]
[ 0.39870679  5.04271121  7.83211212] [0 class/cluster]
[  0.48018541   3.42556043  14.21228117] [3 class/cluster]
[ -1.92753114   6.95577727 -10.65359664] [2 class/cluster]
[ -2.74061722   1.8082187  -10.37336738] [2 class/cluster]
[ 3.86976995  9.88344367  6.12444298] [0 class/cluster]
[  3.0369655    7.68137284 -10.84554088] [2 class/cluster]
[ 12.18378003   8.07770887  -2.09090189] [5 class/cluster]
[ 11.88188683   1.46417954   5.35495085] [5 class/cluster]
[-0.04190399  9.3004899   7.92434288] [0 class/cluster]
[ 11.51665372   5.57653845   6.11799019] [3 class/cluster]
[-3.27207989  1.45149063  7.58732597] [4 class/cluster]
[ 6.25363017  2.07448055  0.22386234] [0 class/cluster]
[  3.68482011   4.33870948  13.42381978] [3 class/cluster]
[ 0.22607326  0.44985424 -4.71358217] [0 class/cluster]
[-9.20115238  1.43627323  0.9684593 ] [4 class/cluster]
[-7.93476023  0.69255625 -6.24450578] [1 class/cluster]
[ 11.07485932   8.7351556    6.97180443] [3 class/cluster]
[ 12.20838134   5.60799567   4.1046058 ] [5 class/cluster]
[-4.58398195  2.51346454 -9.52897504] [1 class/cluster]
[-4.79477534  2.53441655 -9.29562544] [1 class/cluster]
[ 10.28543294   0.06646149   8.31015231] [3 class/cluster]
[  3.9650882    9.61512717 -10.61666509] [2 class/cluster]
[ 6.20246813  0.85295768  2.36637113] [0 class/cluster]
[ 10.72432558   4.2236288    7.65980953] [3 class/cluster]
[-9.46141947  3.13057646 -1.27259953] [1 class/cluster]
[ 6.40734462  3.55113944  1.24384136] [0 class/cluster]
[ 12.09994317   9.53065412   4.8963426 ] [5 class/cluster]
[ 5.5826046   0.80427704 -1.90650854] [0 class/cluster]
[-0.9523024   9.74916682  7.88324666] [0 class/cluster]
[ 4.46344756  0.80844854 -3.5047541 ] [0 class/cluster]
[-2.92831747  4.93003408  7.75716948] [4 class/cluster]
[-7.1659012   5.60129218 -7.25684543] [1 class/cluster]
[-8.97354095  3.43086614  2.17884995] [4 class/cluster]
[ 12.09486325   4.14625813   4.495046  ] [5 class/cluster]
[ 11.87540901   1.1712247   -3.15551635] [5 class/cluster]
[ 1.36971978  9.08201582  7.55655238] [0 class/cluster]
[-7.5873606   2.717309    4.64777342] [4 class/cluster]
[ 3.73972623  5.69821399 -3.95285461] [0 class/cluster]
[  0.50411477   7.29554672 -11.11306655] [2 class/cluster]
[ 4.12522213  4.89989607 -3.69655245] [0 class/cluster]
[ 12.46572629   5.62654436  -0.11328211] [5 class/cluster]
[ -0.69847993   8.43585037 -10.95740641] [1 class/cluster]
[ 10.12843968  10.43241859   8.49930191] [3 class/cluster]
[  1.10796631   0.19157736 -11.00998726] [2 class/cluster]
[ 12.5921854    2.14888737   1.09663679] [5 class/cluster]
[-1.47799822  0.83084418  7.96817715] [4 class/cluster]
[  8.15893995   2.50347866  10.66777689] [3 class/cluster]
[-1.08923901  2.77167135  7.90036966] [0 class/cluster]
[  4.48917457  10.28361464   5.47218356] [0 class/cluster]
[ 4.79269797  7.41543958  5.25509063] [0 class/cluster]
[ 2.74557239  7.95472777  7.0518401 ] [0 class/cluster]
[ 1.8817985   4.3479065  -4.64195981] [0 class/cluster]
[-8.75573507  8.82987956  2.26526862] [4 class/cluster]
[ 3.44712136  8.36093946  6.54905079] [0 class/cluster]
[ -8.82632444  10.11188822   2.51212603] [4 class/cluster]
[ 4.6063905   6.16960358  5.57311737] [0 class/cluster]
[ -9.40690449  10.13131329  -2.19584423] [1 class/cluster]
[ 12.05678318   0.09921938   4.6111558 ] [5 class/cluster]
[ 11.58570475  10.47215257   6.02441045] [3 class/cluster]
[ 2.67437344  7.08354071  7.01511058] [0 class/cluster]
[ 6.30073949  4.14976332 -0.44508898] [0 class/cluster]
[-9.07460641  5.53751068  1.62033916] [1 class/cluster]
[-2.06597443  6.0072032   7.82650732] [4 class/cluster]
[-7.49637588  3.75691409 -6.72852643] [1 class/cluster]
[ 1.35461362  3.94510368 -4.7633331 ] [0 class/cluster]
[-5.2520563   7.21878195 -9.030985  ] [1 class/cluster]
[ 0.35324307  7.35326878 -4.7963023 ] [0 class/cluster]
[  7.08281734   9.88967196  11.50881861] [3 class/cluster]
[ -9.49710438  10.18303238  -1.61623328] [1 class/cluster]
[ 4.40852392  2.63165386  5.52603322] [0 class/cluster]
[-3.77558375  2.16351815 -9.94151375] [1 class/cluster]
[-8.08245837  1.09607592 -5.92299815] [1 class/cluster]
[ 12.5693195    1.06518012  -0.18447915] [5 class/cluster]
[-2.28769965  0.04988452  7.75007728] [4 class/cluster]
[  2.15733929   0.65608137  13.80072005] [3 class/cluster]
[  1.36635979   7.4974759   14.0347261 ] [3 class/cluster]
[ 3.6250338   1.33560466  6.41713277] [0 class/cluster]
[ -1.41334127   3.04723428 -10.79638646] [2 class/cluster]
[  8.00744099   0.76693027  10.90085098] [3 class/cluster]
[ 6.10024989  6.9895641   2.82129148] [0 class/cluster]
[-4.98127305  9.22245763 -9.32582226] [1 class/cluster]
[ -3.33634877   3.85151405 -10.11009036] [1 class/cluster]
[  2.34966575   5.94675776  13.68920736] [3 class/cluster]
[-8.27861079  8.29118324  3.57020431] [4 class/cluster]
[ 4.13134158  8.37285543 -3.74043748] [0 class/cluster]
[ 5.61451446  3.46147749 -1.7688074 ] [0 class/cluster]
[ 12.51205259   9.49005104   2.46964991] [5 class/cluster]
[  1.82353233   6.72053192 -11.03674667] [2 class/cluster]
[ 4.10714712  2.05636508 -3.78151252] [0 class/cluster]
[ 6.35605963  7.05241678  0.36908575] [0 class/cluster]
[ 7.60802401  8.46095142 -8.89211836] [2 class/cluster]
[ 6.19023526  5.80842606 -0.2316671 ] [0 class/cluster]
[ 2.95207597  2.39765491  6.81559272] [0 class/cluster]
[-4.57253387  7.06509808  7.06579053] [4 class/cluster]
[ 5.51964023  7.82584476 -2.1845185 ] [0 class/cluster]
[ 3.10106039  7.25314627  6.63805319] [0 class/cluster]
[  5.59623799   4.3063673   12.45620151] [3 class/cluster]
[ -6.72308267  10.31907508   5.59309065] [4 class/cluster]
[ -1.5845438    4.30372897 -10.72542041] [2 class/cluster]
[  0.30865223   6.23176096 -11.03375752] [2 class/cluster]
[ 5.92303698  6.58413609 -1.34639239] [0 class/cluster]
[-9.46202245  6.1380756   0.27644648] [1 class/cluster]
[-8.73111855  8.42501155 -4.75529997] [1 class/cluster]
[ 11.71822624   8.34809015   5.49989546] [3 class/cluster]
[ 0.61658523  0.62821023 -4.74315604] [0 class/cluster]
[  1.19601991   2.48726438  14.00155888] [3 class/cluster]
[ 12.29003531   2.55674033  -1.27606678] [5 class/cluster]
[ 8.39806779  8.27400933 -8.29706229] [2 class/cluster]
[-5.779974    0.63249688  6.33835367] [4 class/cluster]
[ 3.18677914  5.30407649  6.67512038] [0 class/cluster]
[ -8.99274151  10.15781106   2.23308011] [4 class/cluster]
[  4.03187047   3.82057852 -10.67058494] [2 class/cluster]
[  5.5830594    6.49653184  12.47209997] [3 class/cluster]
[ 8.61924615  9.52543291 -8.01160938] [2 class/cluster]
[ 10.38340231   2.92488746  -6.08536039] [2 class/cluster]
[ 11.04923108   5.69049314  -5.05648621] [2 class/cluster]
[  4.21981858   8.66987549 -10.51527388] [2 class/cluster]
[ 4.21612727  3.47781854  5.91608851] [0 class/cluster]
[-9.12134854  9.89617845  1.36265934] [1 class/cluster]
[-9.34487018  9.13318016 -2.26022011] [1 class/cluster]
[-6.60325413  7.56167785 -7.94468083] [1 class/cluster]
[-8.43155221  9.10304963  3.40561044] [4 class/cluster]
[ 5.27108909  0.87996273 -2.60495533] [0 class/cluster]
[  2.56214848   9.20318016  13.71994086] [3 class/cluster]
[-9.05667555  1.06547188 -3.72213063] [1 class/cluster]
[ 6.33069596  2.72575328  2.19423609] [0 class/cluster]
[-7.7176944   7.58142797  4.48242604] [4 class/cluster]
[-9.39984571  8.63896726 -2.14434523] [1 class/cluster]
[ 5.98578821  4.72564999 -1.24307032] [0 class/cluster]
[-7.71426013  1.45821412  4.50556925] [4 class/cluster]
[ 4.16173735  2.49744671  5.88051925] [0 class/cluster]
[ 12.61503374   3.13372648   0.75188666] [5 class/cluster]
[  3.85023729   1.47947195  13.28538832] [3 class/cluster]
[ 11.22637088   0.8801386    6.73627726] [5 class/cluster]
[ 11.82770448   7.98073289   5.29902662] [3 class/cluster]
[-7.71294554  7.09224883  4.37670774] [4 class/cluster]
[ 5.76253099  5.5109585  -1.55654064] [0 class/cluster]
[-9.26188617  9.60063447 -3.53084367] [1 class/cluster]
[ 0.12111239  8.39309989 -4.765945  ] [0 class/cluster]
[  3.52460981   4.87219425 -10.69930895] [2 class/cluster]
[ 6.34200519  4.85222197  0.0674955 ] [0 class/cluster]
[-8.53827622  1.25454549 -4.99810317] [1 class/cluster]
[-3.06731271  3.13437746  7.65253804] [4 class/cluster]
[ 6.16189321  2.52049917  2.62983438] [0 class/cluster]
[ 12.60863694   3.22697107   0.2010654 ] [5 class/cluster]
[-2.94798767  2.62456303  7.79460347] [4 class/cluster]
[-9.36601544  7.68641818  0.06937158] [1 class/cluster]
[  4.52526504  10.4771618    5.60376897] [0 class/cluster]
[ 0.55011256  1.0029467   7.7044784 ] [0 class/cluster]
[ 12.45137038   9.53075457   2.44448243] [5 class/cluster]
[ 12.49519411   8.41430128  -1.10592301] [5 class/cluster]
[ -1.58969393   7.76030589 -10.65710512] [1 class/cluster]
[ 6.37232637  7.04395804  0.88882487] [0 class/cluster]
[-9.49563138  8.35568394 -1.93089072] [1 class/cluster]
[ -7.03546791  10.03743211  -7.4848258 ] [1 class/cluster]
[ 10.17883459   1.01389227   8.41573617] [3 class/cluster]
[ 6.12309273  8.29241016 -1.0710477 ] [0 class/cluster]
[ 3.17218637  8.96905234  6.63579812] [0 class/cluster]
[ 10.3500468    9.33413362   8.31232047] [3 class/cluster]
[-3.61978894  7.45983456  7.60712041] [4 class/cluster]
[-9.36216645  8.01563014 -0.21068085] [1 class/cluster]
[ 3.53798475  1.36189549 -4.1296496 ] [0 class/cluster]
[ 6.80563742  4.45058693 -9.40826951] [2 class/cluster]
[ 6.15611563  6.17698927 -0.45820309] [0 class/cluster]
[-8.04263763  3.15907211  3.85195007] [4 class/cluster]
[ 12.67292801   7.97293476   0.58781882] [5 class/cluster]
[ 2.62268116  5.72307065 -4.54848718] [0 class/cluster]
[ -9.52049138  10.23035143  -1.57363917] [1 class/cluster]
[ 2.42745281  2.50320757  7.10036416] [0 class/cluster]
[ 8.65238025  0.38889597 -8.05369934] [2 class/cluster]
[ 6.46658664  4.34868779  1.27486215] [0 class/cluster]
[ 2.87712233  8.23614876  6.86549099] [0 class/cluster]
[ -4.08939208  10.2435658   -9.67252047] [1 class/cluster]
[-8.30879098  3.89983884 -5.37344612] [1 class/cluster]
[-7.96048113  5.17452903  4.04564245] [4 class/cluster]
[  3.72695214   4.30109158 -10.59222075] [2 class/cluster]
[-7.18441499  7.71268297  5.05235826] [4 class/cluster]
[-0.74437385  9.59178413  7.90093773] [0 class/cluster]
[  0.42550553   0.8467981   14.10103756] [3 class/cluster]
[-6.60345292  3.54423893  5.75320873] [4 class/cluster]
[  1.09421752   6.93176776 -10.99688466] [2 class/cluster]
[  8.30523827   9.67291615  10.50864336] [3 class/cluster]
[-9.30446985  6.43700292  0.9234559 ] [1 class/cluster]
[  7.0113902    1.06150554  11.66945097] [3 class/cluster]
[ 5.57559922  1.10054129 -1.9846614 ] [0 class/cluster]
[ 12.2519436    0.78039661  -2.05181096] [5 class/cluster]
[  2.80734719   5.13928626 -10.93623989] [2 class/cluster]
[-4.09494789  5.11073214  7.29385518] [4 class/cluster]
[ 4.23631144  1.22829924 -3.6480023 ] [0 class/cluster]
[ 2.36477964  3.19540271  7.15942882] [0 class/cluster]
[-2.03010134  6.91704091  7.8791833 ] [4 class/cluster]
[-5.36089627  7.00744818 -8.96231071] [1 class/cluster]
[  7.54014963   5.7184245   11.28550167] [3 class/cluster]
[-9.21489153  1.69618828 -3.10664932] [1 class/cluster]
[ 5.97018758  2.28098393 -0.97899579] [0 class/cluster]
[-4.5334252   3.82881043 -9.52943206] [1 class/cluster]
[-6.63759514  9.66886091 -7.76999775] [1 class/cluster]
[ 5.48255514  2.4565604   4.25047592] [0 class/cluster]
[ 5.2183732   0.63692823  4.74964091] [0 class/cluster]
[  3.12075933  10.11200042 -10.80379242] [2 class/cluster]
[-2.97160108  1.37562926  7.7452833 ] [4 class/cluster]
[-1.99951209  9.38611536  7.85908163] [0 class/cluster]
[-7.30224813  6.26428221 -7.1296718 ] [1 class/cluster]
[  0.69278331   8.3918649  -10.99333746] [2 class/cluster]
[  1.51496788   9.7890905  -11.00458522] [2 class/cluster]
[ 4.97798937  7.82815112 -3.01702466] [0 class/cluster]
[-7.57254535  3.70517779  4.65443957] [4 class/cluster]
[ 5.22152258  5.84073598 -2.49926605] [0 class/cluster]
[ 12.70118628  10.33059182   1.17848344] [5 class/cluster]
[  1.44800567   9.51914746  13.90537165] [3 class/cluster]
[ 11.55207708   2.39330283   6.02639335] [5 class/cluster]
[-8.41992086  1.26738687 -5.3423527 ] [1 class/cluster]
[ 8.26133993  8.86980317 -8.38177833] [2 class/cluster]
[ 4.95827984  4.73795826 -3.02255202] [0 class/cluster]
[ 1.5211928   8.57548788  7.38899051] [0 class/cluster]
[  5.60286535  10.15114287  -1.94970586] [0 class/cluster]
[ 5.43709391  5.4506578  -2.31448363] [0 class/cluster]
[ 4.05122217  5.12808995 -3.82412492] [0 class/cluster]
[ -1.77491013   4.0852183  -10.71816687] [2 class/cluster]
[ 3.61291398  4.09097711 -4.08472827] [0 class/cluster]
[ 3.86063144  5.44111511 -3.91316559] [0 class/cluster]
[ 12.52727625   6.68629386  -1.00014952] [5 class/cluster]
[ 6.35199152  5.75100456  0.57503458] [0 class/cluster]
[  2.79944904   9.33769569  13.56841499] [3 class/cluster]
[-1.87726941  1.87299113  7.83548238] [4 class/cluster]
[ 11.16871001   5.31683763   6.90101741] [3 class/cluster]
[ 2.85785098  4.95045476 -4.38499169] [0 class/cluster]
[-8.46411259  1.22686125  3.11080935] [4 class/cluster]
[ 3.72119499  0.28517359  6.29194149] [0 class/cluster]
[ 6.30816773  8.82347885  1.76759956] [0 class/cluster]
[ 5.67262401  8.27583304  3.88728224] [0 class/cluster]
[-5.24216284  0.37278585  6.76495063] [4 class/cluster]
[-6.32939806  1.99993251  5.84308987] [4 class/cluster]
[-8.7245049   8.59660715 -4.63880939] [1 class/cluster]
[ 12.30293622   8.92067223   3.80026254] [5 class/cluster]
[-8.83147368  9.27260704  2.35531371] [4 class/cluster]
[-9.50034476  9.62750087 -0.29282417] [1 class/cluster]
[ -2.17826944   0.36436581 -10.61602266] [2 class/cluster]
[-8.00188534  8.89801261 -6.20449781] [1 class/cluster]
[ 10.09732117   6.37142402  -6.5542087 ] [2 class/cluster]
[ -0.09823498   5.7351097  -10.89986774] [2 class/cluster]
[ 4.36350065  9.79920823  5.70983832] [0 class/cluster]
[ 12.30806511   8.17095517  -1.91872219] [5 class/cluster]
[-0.07312929  3.32570626  7.95694357] [0 class/cluster]
[ 12.44095691   4.18601955   3.09388702] [5 class/cluster]
[-7.86911403  1.36047488  4.18392985] [4 class/cluster]
[-7.74145093  0.15303126  4.31848096] [4 class/cluster]
[ 5.13729992  4.66614064  4.79787387] [0 class/cluster]
[ 11.21003367   6.15943158  -4.66933335] [2 class/cluster]
[ 9.69470005  6.02902518 -6.85544898] [2 class/cluster]
[-6.42725549  3.93714448  5.87348212] [4 class/cluster]
[ 1.30746952  9.72173191  7.62555391] [0 class/cluster]
[ 8.45314358  6.6494319  -8.24314399] [2 class/cluster]
[ 12.40146842   8.30064292  -1.03645679] [5 class/cluster]
[-4.37909022  7.23059563 -9.5254516 ] [1 class/cluster]
[-2.84872404  7.82204765  7.66638321] [4 class/cluster]
[ 6.37102269  3.20598365  1.74160168] [0 class/cluster]
[ 11.98213658  10.10724115  -2.63748397] [5 class/cluster]
[ 9.67507557  8.83298273 -6.97027059] [2 class/cluster]
[ -0.23808912  10.12497532 -10.94293576] [1 class/cluster]
[  4.71060411   5.16011255 -10.43063606] [2 class/cluster]
[-2.05190427  4.05716263  7.82320665] [4 class/cluster]
[  3.74668745   5.47758751  13.35452986] [3 class/cluster]
[ 4.95974716  5.28396131 -2.91904735] [0 class/cluster]
[ 4.98560007  3.81852499  5.04054659] [0 class/cluster]
[  0.9486344    7.11233997 -11.05575487] [2 class/cluster]
[ -1.1043433    6.00704714 -10.88960643] [2 class/cluster]
[-3.83039768  7.8626416   7.43095753] [4 class/cluster]
[  1.76174085   4.24495107 -10.98946095] [2 class/cluster]
[ 6.14314459  2.9926155   2.86944342] [0 class/cluster]
[-2.92214803  1.03581235  7.6552107 ] [4 class/cluster]
[ 12.50842044   7.46223565   0.16022076] [5 class/cluster]
[-4.99806126  5.6403022   6.82171569] [4 class/cluster]
[  0.50447285   3.04792725  14.15637855] [3 class/cluster]
[ 9.28487153  2.69837519  9.66240748] [3 class/cluster]
[ -1.4938532    4.56209184 -10.76816321] [2 class/cluster]
[ 0.47639488  5.71219794 -4.7874643 ] [0 class/cluster]
[  1.7097325    6.12903202  13.87877098] [3 class/cluster]
[  0.87649806   1.7149846   14.03549358] [3 class/cluster]
[-5.52084851  2.99052408  6.49419192] [4 class/cluster]
[  4.44090946   6.66205599  13.16705708] [3 class/cluster]
[ 5.16206315  1.55450165  4.83762574] [0 class/cluster]
[  5.02251343   3.98127947  12.94009018] [3 class/cluster]
[ 4.83144134  8.62708971 -3.2000183 ] [0 class/cluster]
[ -2.14526024  10.46332504 -10.56934276] [1 class/cluster]
[ 0.24560069  7.98632613 -4.79228222] [0 class/cluster]
[  5.22479471   5.59116156 -10.32853678] [2 class/cluster]
[ 1.91775064  6.88278323 -4.57313007] [0 class/cluster]
[-7.26383742  9.90393629 -7.15063832] [1 class/cluster]
[  6.23352718   2.70119561  12.19057029] [3 class/cluster]
[ 4.89803865  6.25702512 -2.9749606 ] [0 class/cluster]
[ 12.54486994   6.36469431   2.57470416] [5 class/cluster]
[-0.9474726   9.51171626  7.86578777] [0 class/cluster]
[ 3.96575072  1.24084576  6.19398922] [0 class/cluster]
[ 5.88272397  1.38792959 -1.72706971] [0 class/cluster]
[ 1.72010756  0.95326782 -4.73050586] [0 class/cluster]
[-8.76351999  9.15809246  2.65017342] [4 class/cluster]
[-8.34837201  0.51127097  3.59392222] [4 class/cluster]
[-9.35900545  5.00450532 -0.03944123] [4 class/cluster]
[ -3.56120926   3.95013977 -10.10337005] [1 class/cluster]
[ 11.57519079   5.4698883    6.06583122] [3 class/cluster]
[ 6.28144256  5.78747419  1.8265625 ] [0 class/cluster]
[  3.51822004   6.6634722   13.36581498] [3 class/cluster]
[  2.03890491   1.64739517 -11.00535628] [2 class/cluster]
[-9.44658633  3.31817419 -1.86632486] [1 class/cluster]
[-0.51447341  6.03648872  7.93184003] [0 class/cluster]
[  2.90788476   4.96281157 -10.84668567] [2 class/cluster]
[ 6.28215571  1.93897645  0.35667843] [0 class/cluster]
[  0.85981763   3.16986812  14.06695589] [3 class/cluster]
[-6.34308212  0.26580729  5.88108144] [4 class/cluster]
[ 5.88056824  2.25819936 -1.312883  ] [0 class/cluster]
[  1.53975915   6.44468412  13.87540878] [3 class/cluster]
[  3.8655211    7.36894176  13.36892504] [3 class/cluster]
[  4.32368371   2.15582035 -10.53390967] [2 class/cluster]
[ 10.16165071   8.96584419  -6.42938467] [2 class/cluster]
[ 12.10705331   1.56969305   4.53420226] [5 class/cluster]
[ 2.93850102  7.81557052  6.87632075] [0 class/cluster]
[-4.03178637  2.83352865  7.29903017] [4 class/cluster]
[-3.62890141  9.00712743  7.44809514] [4 class/cluster]
[ 5.59323813  6.55800835  4.03476312] [0 class/cluster]
[  4.81008896   6.42296148  12.98232952] [3 class/cluster]
[-9.44762566  6.67349244 -1.8910975 ] [1 class/cluster]
[ 2.52727222  8.61364467  7.08507881] [0 class/cluster]
[ 1.4951205   9.51109684 -4.76132121] [0 class/cluster]
[  5.17154526   4.67833211  12.74312605] [3 class/cluster]
[-2.04364888  6.93040321  7.97198571] [4 class/cluster]
[-4.00262853  1.4324671  -9.86561016] [1 class/cluster]
[ 12.54702727   4.01547759  -0.64547524] [5 class/cluster]
[ 5.55890875  5.77727888 -2.16429003] [0 class/cluster]
[ 10.84864945   3.92816021  -5.14078377] [2 class/cluster]
[  2.22634808   7.91881107 -10.97386301] [2 class/cluster]
[ -9.51666175  10.43716187  -0.54194187] [1 class/cluster]
[-8.56817511  1.99764901  3.16125931] [4 class/cluster]
[  5.37290827   8.99449886 -10.19237623] [2 class/cluster]
[-9.16276111  8.21995417  1.49395283] [1 class/cluster]
[ 12.06141021   4.54700898  -2.89180604] [5 class/cluster]
[-4.90280405  0.98885634  6.97327439] [4 class/cluster]
[-8.2171803   5.96719061  3.91956884] [4 class/cluster]
[ 6.33436339  0.35620115  1.32865709] [0 class/cluster]
[ 12.60417414  10.28764171   2.12465714] [5 class/cluster]
[-8.99482943  4.22752534  2.05710956] [4 class/cluster]
[-5.66581952  3.3313676  -8.78860271] [1 class/cluster]
[ 0.32922258  4.09337025  7.75350337] [0 class/cluster]
[-2.04737816  0.1874284   7.77983738] [4 class/cluster]
[ 12.43383355   6.46725188  -0.42966157] [5 class/cluster]
[ 2.18739099  5.30802139 -4.7290088 ] [0 class/cluster]
[  4.6279634   10.15464517  -3.21435262] [0 class/cluster]
[ 10.32628941   0.39541795  -5.99400559] [2 class/cluster]
[ -8.16104661  10.44991554   3.79838008] [4 class/cluster]
[ 3.16154856  4.15622783 -4.2860806 ] [0 class/cluster]
[  2.93774222   7.98413692 -10.80088181] [2 class/cluster]
[  5.55177679   5.3596013  -10.12359106] [2 class/cluster]
[ 8.24839364  0.36938596 -8.43960699] [2 class/cluster]
[ 10.53827088   6.26614956  -5.80812926] [2 class/cluster]
[ 0.57100494  2.39065373  7.75489508] [0 class/cluster]
[ 9.95518997  8.14434481  8.83417968] [3 class/cluster]
[ 10.94692117   4.72717389  -5.18843612] [2 class/cluster]
[ 5.87106189  4.76081747  3.54206252] [0 class/cluster]
[  1.91819248   9.01123326 -11.05203064] [2 class/cluster]
[ 12.20104282   1.83329967   3.87213501] [5 class/cluster]
[ 2.71738441  4.68135517  7.00203331] [0 class/cluster]
[-6.15725459  7.36491498  6.07692669] [4 class/cluster]
[ -3.17314194   7.02068192 -10.3090503 ] [1 class/cluster]
[ 12.52612952   0.74778049   1.96529766] [5 class/cluster]
[-0.02434737  2.3660901   7.74968178] [0 class/cluster]
[-4.83665617  8.3518544   6.87803428] [4 class/cluster]
[ 4.26807847  5.26602195 -3.6015933 ] [0 class/cluster]
[-8.31648989  0.40277289  3.49409637] [4 class/cluster]
[  0.92380772   3.57828836 -11.07323726] [2 class/cluster]
[ 6.17037895  8.5954422  -0.63091397] [0 class/cluster]
[ 3.82110233  8.1081809  -3.96017003] [0 class/cluster]
[ 5.54541579  3.42502712  4.21478402] [0 class/cluster]
[ 10.05875374   0.35252134   8.58389644] [3 class/cluster]
[ 2.39394877  1.19171284  7.16348306] [0 class/cluster]
[ 6.03132502  2.11097562  3.13452787] [0 class/cluster]
[ 6.17953078  4.56249679  2.20181883] [0 class/cluster]
[-9.23266117  6.14296102  1.34292622] [1 class/cluster]
[ 9.62990765  1.30591113 -6.98494356] [2 class/cluster]
[ -3.50413828   6.00880559 -10.08889596] [1 class/cluster]
[ 11.82273043   5.57444592   5.49038677] [3 class/cluster]
[ 1.75045898  3.22371985  7.35347513] [0 class/cluster]
[-8.76333853  8.14044945 -4.82082329] [1 class/cluster]
[  2.8849944    0.69545136 -10.85275326] [2 class/cluster]
[ -8.89945251  10.3780216    2.38186843] [4 class/cluster]
[ 11.3955475    8.87136413   6.57015563] [3 class/cluster]
[  3.25205342   1.29237549  13.51360323] [3 class/cluster]
[ 2.35701017  4.64120579  7.15788753] [0 class/cluster]
[ 6.21603512  9.88545353  2.2837939 ] [0 class/cluster]
[ 6.19878786  5.72637073  2.00405892] [0 class/cluster]
[-4.09872406  7.42413961 -9.76721248] [1 class/cluster]
[  2.39188048   0.3694028   13.68500671] [3 class/cluster]
[ 9.84668446  3.17590271 -6.75416378] [2 class/cluster]
[-5.16934969  8.05689966  6.77528765] [4 class/cluster]
[ 5.55345282  0.9616711   4.39078263] [0 class/cluster]
[-8.9463513   9.56138472  2.26059688] [4 class/cluster]
[ 5.86018742  5.29759014  3.41769839] [0 class/cluster]
[  5.4587679   10.37930088   4.03569171] [0 class/cluster]
[-4.91053102  0.8218575  -9.32332815] [1 class/cluster]
[-7.73176719  7.79075071  4.36904513] [4 class/cluster]
[ 3.47937335  7.98369892 -4.15175503] [0 class/cluster]
[ 5.64787976  0.33642483  3.91024605] [0 class/cluster]
[ 5.54747167  1.13550353 -2.02120986] [0 class/cluster]
[-0.34071334  0.10853744  7.84870454] [4 class/cluster]
[-7.90804546  0.0464314  -6.14751117] [1 class/cluster]
[ 4.55085881  4.95315302 -3.20267963] [0 class/cluster]
[ 6.15973433  1.90831569 -9.86390883] [2 class/cluster]
[ 2.50411282  3.28957216 -4.50547124] [0 class/cluster]
[-0.08722788  5.55877394  7.82171279] [0 class/cluster]
[ 5.87778191  2.33017621 -1.49561946] [0 class/cluster]
[  3.40140783   4.29423598  13.41541673] [3 class/cluster]
[-8.36700083  2.95314666  3.39258846] [4 class/cluster]
[ 6.23299933  0.25738171  1.99378066] [0 class/cluster]
[-4.86538081  0.62662005 -9.30194763] [1 class/cluster]
[-7.72718188  5.53708361 -6.50121528] [1 class/cluster]
[ 5.91201899  1.05095086 -1.33629511] [0 class/cluster]
[-8.12203485  3.10826823  3.97564246] [4 class/cluster]
[-8.97883739  6.86455292 -3.85948964] [1 class/cluster]
[  1.99228175   7.33881899 -10.98718722] [2 class/cluster]
[ 11.63028065   1.86507466  -3.93410619] [5 class/cluster]
[ 4.94754797  9.82597815  5.07746846] [0 class/cluster]
[ 5.69549156  9.90020124 -1.92943102] [0 class/cluster]
[  2.32661448  10.19741106  -4.62295996] [0 class/cluster]
[ 6.08878487  5.36315979 -0.74399207] [0 class/cluster]
[ 5.97159757  4.85562388 -1.19854039] [0 class/cluster]
[ 6.2624227   8.5216421   0.40647891] [0 class/cluster]
[  3.07952498   5.5244536   13.63267378] [3 class/cluster]
[-6.96397945  6.18142669  5.30733629] [4 class/cluster]
[ 5.85590784  9.82195405  3.47651035] [0 class/cluster]
[ 2.72762338  6.89472895 -4.40004593] [0 class/cluster]
[  4.23925063   0.31417602 -10.60960659] [2 class/cluster]
[ 5.87069364  4.01071218  3.66225965] [0 class/cluster]
[-6.94559153  3.67057096 -7.58619982] [1 class/cluster]
[-9.18685398  4.81414347  1.2651389 ] [4 class/cluster]
[-9.03587279  3.53654649  1.68599965] [4 class/cluster]
[ 12.39169255   3.51299094   3.34899   ] [5 class/cluster]
[ 4.83539277  5.20375542 -3.15307195] [0 class/cluster]
[ 9.2483517   2.23903123 -7.55175208] [2 class/cluster]
[-8.31269744  7.07446633  3.28424971] [4 class/cluster]
[-8.46833144  8.50835689  3.23019085] [4 class/cluster]
[ 7.85900966  8.96569049 -8.74374861] [2 class/cluster]
[  0.9592082    9.72631368 -11.03112297] [2 class/cluster]
[  5.93582393  10.02770526   3.5293655 ] [0 class/cluster]
[-1.87126365  1.81956453  7.82783261] [4 class/cluster]
[ 11.59156446   1.83108957  -4.13446413] [5 class/cluster]
[ 11.20413943   1.0334443    6.81781677] [5 class/cluster]
[ 9.77122812  3.30478439  9.16298953] [3 class/cluster]
[-7.76702367  6.57648441 -6.50005295] [1 class/cluster]
[ 5.51907309  8.21202178  4.19952795] [0 class/cluster]
[ -0.29949921   1.88456595 -11.06570089] [2 class/cluster]
[ 12.51113757   3.37066381  -0.56180853] [5 class/cluster]
[ -0.30970997   0.15198919 -11.02238285] [2 class/cluster]
[ 4.15222798  9.51085175 -3.68518736] [0 class/cluster]
[ 6.07996494  7.03149385 -0.3931431 ] [0 class/cluster]
[-5.17663969  2.70495457  6.77151039] [4 class/cluster]
[-9.3430239   7.09338779  0.46537995] [1 class/cluster]
[  7.64690883   7.85738386  11.19855953] [3 class/cluster]
[-8.63674122  6.49860337  2.97068488] [4 class/cluster]
[ 10.76593474   4.30997997   7.52446598] [3 class/cluster]
[ 5.86645456  1.57733283  3.51754651] [0 class/cluster]
[-9.34096448  9.65031838  0.64398927] [1 class/cluster]
[-9.40366056  8.30176033 -2.23690763] [1 class/cluster]
[ 5.40835335  2.58501596 -2.36345969] [0 class/cluster]
[-9.46151487  0.02201526 -0.41225208] [1 class/cluster]
[ 6.05612748  0.68997726 -1.15740088] [0 class/cluster]
[ 5.66525677  8.77774704  3.87417094] [0 class/cluster]
[ 10.68500062   7.9236152    7.78628132] [3 class/cluster]
[-3.90578761  8.18034417  7.45226745] [4 class/cluster]
[ 10.43574097   8.01028893   8.09723954] [3 class/cluster]
[ 9.67174077  6.31281927 -6.86398512] [2 class/cluster]
[ 4.37046762  7.56151301  5.69957843] [0 class/cluster]
[ 1.5188612   5.35867614  7.56099352] [0 class/cluster]
[ 3.15435694  4.57190674 -4.37927387] [0 class/cluster]
[  5.6498442   10.28737368   3.99097309] [0 class/cluster]
[  4.78287462   5.9905554   13.00168575] [3 class/cluster]
[-2.67876413  7.32475148  7.7062261 ] [4 class/cluster]
[ 6.01518452  1.83566366  3.27065228] [0 class/cluster]
[ 11.85355824   2.10136113  -3.20609714] [5 class/cluster]
[ 3.30772234  0.57542865  6.63175089] [0 class/cluster]
[ 2.57922781  2.87335778 -4.5529086 ] [0 class/cluster]
[ 6.30653028  9.09747778  0.24264602] [0 class/cluster]
[-0.68713372  3.90638585  7.87089589] [0 class/cluster]
[ 11.68839418   7.58860865  -3.84771589] [2 class/cluster]
[ -0.72257536   0.59118976 -10.86841701] [2 class/cluster]
[ 11.39422002   6.99633609   6.51008814] [3 class/cluster]
[-9.12523125  2.41930136  1.34584507] [4 class/cluster]
[  1.62238068   0.62020227 -11.02814605] [2 class/cluster]
[-3.7463868   1.75527864  7.45168973] [4 class/cluster]
[ 4.52245976  8.14076079  5.52039268] [0 class/cluster]
[-3.81678238  7.35639238 -9.88691623] [1 class/cluster]
[ 2.0144196   3.21582067 -4.75101632] [0 class/cluster]
[-9.01246911  6.20360125 -3.96514142] [1 class/cluster]
[  2.89539358   6.39167761  13.62835092] [3 class/cluster]
[ 7.98777796  4.77858909 -8.55616166] [2 class/cluster]
[  4.44137693   3.56946081  13.00918693] [3 class/cluster]
[ 12.01019822   8.98231669  -2.84801614] [2 class/cluster]
[-9.24739343  9.39772573 -3.25795124] [1 class/cluster]
[  2.7218123    3.10614291 -10.91495873] [2 class/cluster]
[ 12.62547288   7.83782792   0.81533347] [5 class/cluster]
[-9.36882989  5.53687979 -2.5444126 ] [1 class/cluster]
[ 0.16507684  7.63681795 -4.65098047] [0 class/cluster]
[-8.67177953  0.83057271 -5.00474484] [1 class/cluster]
[-8.91235932  4.09122334  1.92789177] [4 class/cluster]
[ 0.84287417  1.90124584  7.72062524] [0 class/cluster]
[ 2.67597869  4.16686927 -4.44011404] [0 class/cluster]
[-9.15688817  9.2506174  -3.42460856] [1 class/cluster]
[ 11.56659881   5.63391767  -3.90719495] [2 class/cluster]
[ 6.36051898  7.42363288  0.28946823] [0 class/cluster]
[ 0.67146213  3.27968514 -4.77627387] [0 class/cluster]
[  5.68318744   9.49132802  12.40713422] [3 class/cluster]
[ 7.78431209  0.50439796 -8.80318169] [2 class/cluster]
[-9.36523656  4.5687235   0.58260173] [4 class/cluster]
[ 1.70694323  8.390803   -4.69254803] [0 class/cluster]
[-9.24478585  8.22791034  0.87966821] [1 class/cluster]
[-7.16873169  2.55757406  5.13638876] [4 class/cluster]
[-7.53692269  9.03165313  4.53952586] [4 class/cluster]
[  5.60744956   2.5029857   12.59700483] [3 class/cluster]
[ 6.32829504  3.3129466   1.8965822 ] [0 class/cluster]
[  5.23418299   5.13870324 -10.17063901] [2 class/cluster]
[ 4.80267157  1.34472219 -3.1318734 ] [0 class/cluster]
[ 10.96058528   5.23600773  -5.19256475] [2 class/cluster]
[-6.17094953  8.73672162  6.11065983] [4 class/cluster]
[ 2.49619815  4.30404131  7.02970563] [0 class/cluster]
[  6.22484529  10.44099258  -0.50079868] [0 class/cluster]
[  7.29654351   7.90776703  11.36920039] [3 class/cluster]
[ 6.11579719  1.60398245 -9.91337278] [2 class/cluster]
[  2.27765716   6.00161504 -10.99309606] [2 class/cluster]
[ 1.68655622  6.05946563 -4.8068557 ] [0 class/cluster]
[-9.48203076  6.01171816 -1.28604604] [1 class/cluster]
[ 4.8268245   8.46971971 -3.08425609] [0 class/cluster]
[ 12.08956248   1.1346714   -2.61111086] [5 class/cluster]
[ 10.06770709   0.20434568  -6.47905182] [2 class/cluster]
[ 12.5553912    4.81145841   1.12521781] [5 class/cluster]
[-3.24700859  2.49416532  7.56200329] [4 class/cluster]
[ 2.45895689  8.57792947  7.15136026] [0 class/cluster]
[ 2.4063654   5.35065404 -4.65657245] [0 class/cluster]
[  6.63955218   4.46291045  11.83209468] [3 class/cluster]
[ 0.28293497  9.25222664 -4.75489334] [0 class/cluster]
[  8.07596752   3.93947079  10.84443998] [3 class/cluster]
[ 5.98204906  2.64135569 -1.03123362] [0 class/cluster]
[ 12.03784752   2.67106836  -2.99422601] [5 class/cluster]
[-8.46965757  5.14007823  3.39536044] [4 class/cluster]
[ 2.53905456  3.03657691  7.02200892] [0 class/cluster]
[  8.20116059   2.42617135  10.61544013] [3 class/cluster]
[ 5.55043672  2.1399645   4.04793541] [0 class/cluster]
[  3.14735827   8.70938693  13.54452507] [3 class/cluster]
[ 7.18280697  2.83598439 -9.30770765] [2 class/cluster]
[-4.30781266  1.77433022  7.20294293] [4 class/cluster]
[  8.94099856   1.00556597  10.0736468 ] [3 class/cluster]
[ 6.39856099  3.61816872  1.70653234] [0 class/cluster]
[ 11.65643098   9.05192786   6.02573596] [3 class/cluster]
[-5.49767147  2.68222045 -8.96524775] [1 class/cluster]
[-4.82133975  7.73376418 -9.35463153] [1 class/cluster]
[  0.43784373   2.08649261 -11.00130793] [2 class/cluster]
[ 11.99773772   5.31451607  -2.90251382] [2 class/cluster]
[ 12.00878292   5.01548943   4.53235053] [5 class/cluster]
[-9.10329506  5.05953267 -3.7684847 ] [1 class/cluster]
[ 4.39622764  8.43167403  5.68355402] [0 class/cluster]
[ 6.17660753  0.73750744  2.16409692] [0 class/cluster]
[ 6.33766066  5.77828252  0.94047186] [0 class/cluster]
[-6.84003041  1.98922496  5.48666668] [4 class/cluster]
[ 12.56910609   5.40500249   1.70802158] [5 class/cluster]
[ 6.35048602  7.35690117  1.09267503] [0 class/cluster]
[ 2.9154868   2.41952925  6.81206593] [0 class/cluster]
[ 6.30382385  2.54514233  0.54361376] [0 class/cluster]
[-3.57401697  7.11426491 -9.99868365] [1 class/cluster]
[ 1.00184366  7.28130089 -4.79038376] [0 class/cluster]
[  0.32890113   7.55018491  14.08816245] [3 class/cluster]
[ 3.74756378  3.61882647 -3.90224388] [0 class/cluster]
[ 1.58079834  5.39315484  7.47957451] [0 class/cluster]
[ -2.61304599   9.3510363  -10.46149206] [1 class/cluster]
[ 12.50222024  10.09009368  -0.71301802] [5 class/cluster]
[ 5.64694958  9.764579   -1.90872905] [0 class/cluster]
[-4.51304695  6.29471999 -9.60264419] [1 class/cluster]
[-0.48898967  1.47434877  7.91035087] [4 class/cluster]
[ 11.09874243   8.30275471   7.10805411] [3 class/cluster]
[  1.25544481   4.6808843  -11.13993788] [2 class/cluster]
[  6.19835544   7.55573124  12.18018097] [3 class/cluster]
[-5.23591529  0.97044171 -9.08313326] [1 class/cluster]
[ 11.62319317   7.00375666  -3.95850078] [2 class/cluster]
[ 12.24494893   0.23806899  -2.10866958] [5 class/cluster]
[  1.59528503   3.06211737 -10.95208919] [2 class/cluster]
[ 12.42237228   9.15410296  -0.69475709] [5 class/cluster]
[ 4.24990901  8.98367011  5.82298205] [0 class/cluster]
[-5.752553    3.70534544  6.29270208] [4 class/cluster]
[ 6.24052418  3.09685553 -0.38703009] [0 class/cluster]
[ 0.2861742   3.66314785 -4.76224028] [0 class/cluster]
[ 2.91789202  3.87136115 -4.32845225] [0 class/cluster]
[  5.65034129  10.28373582  -1.89594575] [0 class/cluster]
[  4.52894514   2.32696888 -10.46106545] [2 class/cluster]
[ 12.66217777   1.86655868   1.65906017] [5 class/cluster]
[  5.40976564   3.39639268 -10.16473911] [2 class/cluster]
[  7.45993514   3.80056849  11.34117237] [3 class/cluster]
[-9.05878667  2.02473409 -3.96062776] [1 class/cluster]
[-7.73757133  1.55721369 -6.62099631] [1 class/cluster]
[-8.62395399  0.97941435 -4.9315464 ] [1 class/cluster]
[-9.04712204  1.4052048  -3.68549232] [1 class/cluster]
[-1.72089577  5.38779164  7.79995868] [4 class/cluster]
[ 9.99339321  0.99909825 -6.38588536] [2 class/cluster]
[ 11.47706778   1.7804403    6.30952419] [5 class/cluster]
[-9.32372437  5.9445485   0.35264055] [1 class/cluster]
[-4.68927177  3.75407571  6.96647371] [4 class/cluster]
[ 5.60491745  6.17001379 -2.06583825] [0 class/cluster]
[-5.65002149  6.81700664  6.37273546] [4 class/cluster]
[ 5.18803702  3.42234664 -2.68647888] [0 class/cluster]
[  2.59434771  10.28203062   7.04200364] [0 class/cluster]
[ 5.95181968  7.84192678  2.94296958] [0 class/cluster]
[-6.58745959  5.87812864  5.70357252] [4 class/cluster]
[ 10.59176705   9.29959613  -5.85247727] [2 class/cluster]
[ 0.58315317  9.91960353  7.72395531] [0 class/cluster]
[-9.19164155  7.03125817  1.20263898] [1 class/cluster]
[ 0.94088043  6.91672841  7.65202507] [0 class/cluster]
[ 4.54016508  4.28677499 -3.39298755] [0 class/cluster]
[ 5.89695998  5.01613601 -1.27592209] [0 class/cluster]
[ 8.17038226  4.15660662 -8.46809183] [2 class/cluster]
[ 12.55248736  10.34730043  -0.18153066] [5 class/cluster]
[-4.01568032  7.9730477  -9.7926447 ] [1 class/cluster]
[-9.10183632  7.93852987 -3.80346092] [1 class/cluster]
[  2.87225649   2.69034971  13.60171422] [3 class/cluster]
[-4.21227228  6.55924888 -9.72169103] [1 class/cluster]
[ 12.21079772   3.17658514  -2.18171703] [5 class/cluster]
[ 12.11971318   7.29776265   4.80622752] [5 class/cluster]
[ 11.69425942   9.11372603  -3.9241835 ] [2 class/cluster]
[  1.53841755   9.91005538  13.9295741 ] [3 class/cluster]
[ 12.63872099   6.0514039    2.25893548] [5 class/cluster]
[-8.99907982  1.25983184  1.97296754] [4 class/cluster]
[ 8.59180359  6.2400474  -8.06066629] [2 class/cluster]
[-2.49691951  3.58693089  7.719171  ] [4 class/cluster]
[ -1.86474916   6.66727561 -10.56107441] [2 class/cluster]
[ 12.31667584   3.48988042   3.36706037] [5 class/cluster]
[-9.46030011  0.98067111  0.11404822] [1 class/cluster]
[-9.46743719  0.45702364 -1.78044845] [1 class/cluster]
[ 12.48367703   5.82764178  -0.48155762] [5 class/cluster]
[ -2.45700161   1.94633356 -10.57901326] [2 class/cluster]
[ 1.36820273  5.83643534  7.504589  ] [0 class/cluster]
[ 10.68944343   3.32407593  -5.5086817 ] [2 class/cluster]
[ 3.95069629  8.56440457 -3.87679957] [0 class/cluster]
[-0.01329999  9.0785542   7.79004987] [0 class/cluster]
[ 8.99664497  8.18850165 -7.71389929] [2 class/cluster]
[ 10.77222891   6.35228392   7.57478269] [3 class/cluster]
[ 5.85821481  7.39625025  3.49314729] [0 class/cluster]
[-9.33868142  9.80707416 -2.14171157] [1 class/cluster]
[-9.30631832  3.3619132   1.09080509] [4 class/cluster]
[ 6.27073491  2.60440631  0.59145843] [0 class/cluster]
[-0.60715013  0.54562612  7.9177103 ] [4 class/cluster]
[-7.5197654   6.95912769 -6.80846339] [1 class/cluster]
[ 4.29902503  0.99620532 -3.53805999] [0 class/cluster]
[ 12.28024068   3.77508226  -1.78684571] [5 class/cluster]
[ 0.25656245  5.54991923  7.72659677] [0 class/cluster]
[ 5.46475752  4.78469979 -2.1488956 ] [0 class/cluster]
[ 5.99414322  0.54177685 -1.01544036] [0 class/cluster]
[ 7.84497066  0.936064   -8.65549148] [2 class/cluster]
[  2.22402612  10.24460662   7.19522837] [0 class/cluster]
[-0.03075802  5.91049351 -4.73746163] [0 class/cluster]
[ 3.00626191  7.00953675 -4.33750749] [0 class/cluster]
[ 3.53800464  1.75039316  6.45703966] [0 class/cluster]
[ 3.93796912  5.87841672 -3.8878026 ] [0 class/cluster]
[ 1.87493434  0.43444505 -4.73457201] [0 class/cluster]
[ -2.6822979    2.75118733 -10.31300431] [2 class/cluster]
[ 0.69917095  4.18250575 -4.77589153] [0 class/cluster]
[ 5.88475892  2.07379828 -0.97054123] [0 class/cluster]
[-3.91744927  9.66873931  7.39954274] [4 class/cluster]
[ 1.36925955  3.89959268 -4.88644174] [0 class/cluster]
[-4.94137357  4.40438429 -9.28247518] [1 class/cluster]
[ 4.27382822  4.68187408  5.7895089 ] [0 class/cluster]
[-9.1009025   0.57267115 -3.7135346 ] [1 class/cluster]
[ 12.00605134   9.12238697   4.68802287] [5 class/cluster]
[ 3.53743108  8.11725701 -4.18691489] [0 class/cluster]
[ 11.11330144   0.84391075   6.98011   ] [5 class/cluster]
[ 12.05025692   1.3908567    4.58327526] [5 class/cluster]
[  1.13683999   4.20386764  13.97346628] [3 class/cluster]
[ 2.94150065  0.06073115  6.88324188] [0 class/cluster]
[-6.11171004  8.02190479  6.01566274] [4 class/cluster]
[ -9.50828964  10.43417199  -0.71669121] [1 class/cluster]
[ 12.40860605   1.05306491   3.73841579] [5 class/cluster]
[ 9.99074345  6.01699849 -6.5212645 ] [2 class/cluster]
[  2.33280273   7.99946876 -10.96290505] [2 class/cluster]
[  4.54771835   0.31439101  12.98010878] [3 class/cluster]
[  6.15602847  10.22330585  -0.3644884 ] [0 class/cluster]
[-1.55275602  2.84916898  7.88398512] [0 class/cluster]
[ 2.88122163  8.46168459 -4.40863101] [0 class/cluster]
[  5.26427703  10.00653435 -10.27342442] [2 class/cluster]
[ 2.79936699  9.46134523  6.89185357] [0 class/cluster]
[ 1.27056073  7.98158084  7.61119082] [0 class/cluster]
[  8.83685252   7.5226481   10.1687812 ] [3 class/cluster]
[-7.93882646  8.26481916  3.9959597 ] [4 class/cluster]
[ 11.06865518   1.25866776  -5.03868082] [2 class/cluster]
[ 3.63280464  0.73504074 -4.02264088] [0 class/cluster]
[-9.42210742  6.1488473  -2.35516997] [1 class/cluster]
[-9.46878843  4.12143025 -1.71218217] [1 class/cluster]
[-4.64459611  6.55538268 -9.51287445] [1 class/cluster]
[-7.66332532  7.03748151  4.42669803] [4 class/cluster]
[ 5.64563381  3.81413421  3.86043259] [0 class/cluster]
[ 10.25914574   8.47947739   8.51073221] [3 class/cluster]
[ 12.0099728    2.91048303   4.75773487] [5 class/cluster]
[-9.11594699  9.37161609 -3.78582841] [1 class/cluster]
[  4.19611488   9.80137337 -10.48119032] [2 class/cluster]
[ 6.27877933  6.66793036  1.38696543] [0 class/cluster]
[-7.98021785  5.43309181  4.09013129] [4 class/cluster]
[-8.955514    3.58583395  2.04946194] [4 class/cluster]
[ 2.47147175  1.67547475  7.1415125 ] [0 class/cluster]
[ 3.74014227  0.68653944 -3.9546718 ] [0 class/cluster]
[ 1.65931779  2.47704813  7.48566934] [0 class/cluster]
[-6.71323154  2.3241428   5.5066799 ] [4 class/cluster]
[-4.17162441  0.81124088  7.27343065] [4 class/cluster]
[ 5.78209643  6.56015901 -1.65568318] [0 class/cluster]
[ 7.88555946  8.55140442 -8.56604594] [2 class/cluster]
[ 5.93044415  2.6323961  -1.29087114] [0 class/cluster]
[  2.04961092   1.49139293  13.75941603] [3 class/cluster]
[ 5.48387305  2.77541094 -2.20452086] [0 class/cluster]
[ 4.62775106  9.41782264 -3.28065784] [0 class/cluster]
[ 5.14082851  9.35167667  4.76435016] [0 class/cluster]
[ 12.64099759   3.03306269   1.7751594 ] [5 class/cluster]
[-9.61431975  8.81315195 -2.05525474] [1 class/cluster]
[  2.5663896    7.18574943 -10.95397529] [2 class/cluster]
[ 10.00791157   6.77154462   8.71333344] [3 class/cluster]
[  8.58737208e-03   1.48977466e+00  -1.09549054e+01] [2 class/cluster]
[ 5.82200329  5.64581902  3.61940835] [0 class/cluster]
[ 3.60794196  8.52745587 -4.1006614 ] [0 class/cluster]
[  2.97413387  10.09210683   6.75875594] [0 class/cluster]
[-3.66398311  6.58064149 -9.91394664] [1 class/cluster]
[-3.49861356  6.05130757 -9.99464965] [1 class/cluster]
[ 11.09751501   5.33627682  -4.80961387] [2 class/cluster]
[ 3.57457476  5.02999675 -4.10569068] [0 class/cluster]
[-3.4589585   6.11037381  7.51687413] [4 class/cluster]
[-8.91142772  9.45270652  2.15315547] [4 class/cluster]
[ 8.0752127   2.38348806 -8.45187871] [2 class/cluster]
[  0.96100365   7.03234438 -10.94721095] [2 class/cluster]
[ 12.39684652  10.22554239   3.1903608 ] [5 class/cluster]
[ 5.9039473   3.43412883  3.32724926] [0 class/cluster]
[ 12.5691427    3.18680604  -0.10638765] [5 class/cluster]
[-7.82382004  5.7489016   4.34337142] [4 class/cluster]
[-9.40751     8.35301238 -1.95914867] [1 class/cluster]
[  6.88966607   8.18800724  11.62760971] [3 class/cluster]
[ 12.1138948    3.20013119  -2.43867444] [5 class/cluster]
[  7.67840573   6.27788285  11.17660104] [3 class/cluster]
[-9.40606665  1.55776541 -2.34282949] [1 class/cluster]
[ 4.98036313  0.1569187   4.91587849] [0 class/cluster]
[ 11.95667365   0.71184055   4.86605591] [5 class/cluster]
[  1.19521229   1.0989143  -10.99661073] [2 class/cluster]
[ 4.26780348  4.47896888 -3.72555354] [0 class/cluster]
[  2.89577922   5.47122833  13.58340773] [3 class/cluster]
[  8.61801286   8.43256434  10.3087531 ] [3 class/cluster]
[ 2.63990005  7.03695622 -4.62180628] [0 class/cluster]
[-2.53782427  2.02379723  7.75703579] [4 class/cluster]
[ 0.08977244  9.38770954 -4.72091655] [0 class/cluster]
[  3.46073003   2.22894156 -10.74320777] [2 class/cluster]
[  3.84805949   1.40560616 -10.73287006] [2 class/cluster]
[-1.06377154  4.31912286  7.90925131] [0 class/cluster]
[-1.70861136  6.67914226  7.83261669] [4 class/cluster]
[ 12.47766001   0.30467728  -0.60244738] [5 class/cluster]
[  4.67236679   9.33185118  13.00491989] [3 class/cluster]
[ 10.98681283   2.15899079  -5.13643888] [2 class/cluster]
[-7.24611182  2.38322902 -7.13253189] [1 class/cluster]
[ 0.94958364  1.67960963 -4.84588748] [0 class/cluster]
[-1.76246402  1.05770829  7.87063441] [4 class/cluster]
[ 12.29562689   4.75786094  -1.80098809] [5 class/cluster]
[  0.43987874   0.73508462  14.11116661] [3 class/cluster]
[ 4.1658372   9.37315112  6.02487557] [0 class/cluster]
[  5.39167365   1.26794443 -10.13875964] [2 class/cluster]
[ 6.72881031  3.59323584 -9.40019878] [2 class/cluster]
[-8.55919859  1.00140564  3.20229807] [4 class/cluster]
[-9.40558421  0.60290882 -1.23935001] [1 class/cluster]
[  2.59889112   3.34082927 -10.92975228] [2 class/cluster]
[ 11.13016641   3.12461027   7.09952168] [3 class/cluster]
[ 0.55655922  1.05613493 -4.72736182] [0 class/cluster]
[-2.26106877  7.83628572  7.79533927] [4 class/cluster]
[ 4.78995123  0.15520448 -3.08455435] [0 class/cluster]
[  5.34061701  10.11469761  -2.37698841] [0 class/cluster]
[  4.38720368   2.62098097 -10.51316763] [2 class/cluster]
[ 4.61525112  3.58653698  5.31888624] [0 class/cluster]
[ 12.22709328   2.23948684   4.21422703] [5 class/cluster]
[  0.32449143  10.49243127   7.80656826] [0 class/cluster]
[-8.19106942  7.55607107 -5.74506364] [1 class/cluster]
[ 6.36967013  2.0436565   0.89762718] [0 class/cluster]
[ 0.09918612  3.49710102  7.88500925] [0 class/cluster]
[-9.27647856  0.17566879 -2.92752889] [1 class/cluster]
[ 11.42026313   9.42343536  -4.28238984] [2 class/cluster]
[  8.61504852   3.72697573  10.36859284] [3 class/cluster]
[-7.75348672  3.74049061 -6.56008268] [1 class/cluster]
[ 5.70948338  6.83716236  3.98969167] [0 class/cluster]
[-9.31464446  8.50656417  0.41629276] [1 class/cluster]
[  4.51385721  10.01441587  -3.36188205] [0 class/cluster]
[-4.12304039  6.71345166  7.35722019] [4 class/cluster]
[ 3.07965033  6.56275503  6.77128457] [0 class/cluster]
[ 2.16740718  1.87125739 -4.64020943] [0 class/cluster]
[ 12.57524686   9.65607399  -0.45620123] [5 class/cluster]
[  6.88639934   0.15109138  11.73344116] [3 class/cluster]
[-0.40257904  6.00339736  7.88223907] [0 class/cluster]
[  3.35025758   1.2891978  -10.79755283] [2 class/cluster]
[ -0.57541382   0.06316122 -11.01937569] [2 class/cluster]
[ 11.75105959   6.00618066  -3.46517626] [2 class/cluster]
[-3.75257108  8.47456079  7.39051078] [4 class/cluster]
[ -9.36715784  10.12902349  -1.90626907] [1 class/cluster]
[-9.51126928  6.58290167 -0.56983204] [1 class/cluster]
[-8.24916597  4.21265994  3.60447199] [4 class/cluster]
[ 5.80024078  5.42599328 -1.65451982] [0 class/cluster]
[ 12.30422861   9.9434461    3.88020541] [5 class/cluster]
[  0.50169862   4.33861228  14.09092522] [3 class/cluster]
[ 4.81208933  9.06195459  5.10640274] [0 class/cluster]
[-6.32730349  9.80869245  6.03308997] [4 class/cluster]
[ 5.66865793  2.71097103 -1.74960326] [0 class/cluster]
[ -3.53471906   4.04514008 -10.071929  ] [1 class/cluster]
[-8.29172425  3.17561323  3.74256787] [4 class/cluster]
[  3.41978226  10.33309166 -10.83050796] [2 class/cluster]
[ 3.23971165  6.71205972 -4.22191279] [0 class/cluster]
[ -2.8949031    9.8419418  -10.27976325] [1 class/cluster]
[-8.49797914  6.63017449  3.16546999] [4 class/cluster]
[ 5.85939978  9.6190684   3.33575654] [0 class/cluster]
[ 5.83338203  5.80119828  3.52537833] [0 class/cluster]
[  5.06374203  10.26689752  -2.81531665] [0 class/cluster]
[-6.40242435  2.43922843  5.86393082] [4 class/cluster]
[-4.97029533  4.85017538 -9.33829096] [1 class/cluster]
[ 5.91044572  5.24320065  3.19508131] [0 class/cluster]
[ -0.88837922   1.97371836 -10.90664892] [2 class/cluster]
[ -2.02324524   5.3918227  -10.61807967] [2 class/cluster]
[ 1.68637362  1.10325753 -4.74458736] [0 class/cluster]
[ -2.91092546   8.10321006 -10.28071727] [1 class/cluster]
[  1.64879953   9.67134518 -11.1129452 ] [2 class/cluster]
[  3.14806304   7.07649368  13.57321706] [3 class/cluster]
[ 2.00111021  3.83427829 -4.7214007 ] [0 class/cluster]
[  5.97872303  10.42126686  -0.99881411] [0 class/cluster]
[ 12.52580614   1.23388461   3.14143163] [5 class/cluster]
[ 10.92607393   5.32115117  -5.41243612] [2 class/cluster]
[-7.28830119  2.94318699 -7.29273894] [1 class/cluster]
[  5.01370567   2.26782797 -10.31653756] [2 class/cluster]
[ 11.58609188   4.50497961   6.15491931] [3 class/cluster]
[ 5.34738867  5.91137341 -2.38450716] [0 class/cluster]
[-3.98088564  2.09837138  7.38040337] [4 class/cluster]
[ 12.58512459   0.14419688   3.03714235] [5 class/cluster]
[ 12.59405353   8.55401404   1.87110594] [5 class/cluster]
[ 12.41026289   7.5744401    2.57128214] [5 class/cluster]
[  6.97948236   6.52083948  11.55504296] [3 class/cluster]
[ 3.04202983  8.9212888  -4.25263855] [0 class/cluster]
[ 4.60048353  4.40990193 -3.30959135] [0 class/cluster]
[  7.87837192   8.2239808   11.01114599] [3 class/cluster]
[-9.23659428  8.57772064  1.23126216] [1 class/cluster]
[-6.7777961   7.60548978  5.53852824] [4 class/cluster]
[ 0.54332816  8.05233176 -4.88023299] [0 class/cluster]
[-8.64576008  4.92934459  2.79597333] [4 class/cluster]
[ 11.98738729  10.21847693   4.97710363] [5 class/cluster]
[-4.63976385  3.94177795  7.02329206] [4 class/cluster]
[-9.26379916  9.26288772 -2.95336685] [1 class/cluster]
[ 4.26612047  7.05299672  5.8599669 ] [0 class/cluster]
[  0.25527687   1.77341212 -11.01339812] [2 class/cluster]
[ 1.70835297  9.62251097  7.44230954] [0 class/cluster]
[ 3.31793425  3.75401352  6.63382919] [0 class/cluster]
[ 0.43447528  1.32607304 -4.78764092] [0 class/cluster]
[  8.22229465   3.57098284  10.59001613] [3 class/cluster]
[-9.33515141  3.13227977 -2.52556716] [1 class/cluster]
[ 6.18908943  2.03016123  2.25495103] [0 class/cluster]
[-7.80233     8.67366895  4.32020918] [4 class/cluster]
[ 6.33725731  1.30205265  1.73766753] [0 class/cluster]
[  4.54638215   1.19127626 -10.39502121] [2 class/cluster]
[ 11.98561597   1.40633313  -3.01570243] [5 class/cluster]
[  2.36760766   9.97293329 -10.92792206] [2 class/cluster]
[ 1.60572103  2.30389906 -4.79658074] [0 class/cluster]
[-9.47330418  4.93772771 -0.90808238] [1 class/cluster]
[ 6.2824911   8.06827001  1.47772952] [0 class/cluster]
[-4.29850681  5.65955622  7.22668253] [4 class/cluster]
[ 11.73732486   1.82775887  -3.50685589] [5 class/cluster]
[  6.54050821   4.29474886  11.87883292] [3 class/cluster]
[ 2.13837302  2.24543877 -4.60890506] [0 class/cluster]
[-9.29764763  3.07044621 -3.15415107] [1 class/cluster]
[ -1.0728866   10.27467242   7.93598435] [0 class/cluster]
[ 10.25274954  10.34176065   8.37991915] [3 class/cluster]
[ 5.10954474  1.16763427  4.83511964] [0 class/cluster]
[ 12.19146048  10.22884143  -1.9692696 ] [5 class/cluster]
[  2.48797814   9.42488379  13.74864755] [3 class/cluster]
[  5.61387419   9.86681376 -10.00902187] [2 class/cluster]
[ 6.62533015  0.58075825 -9.50480708] [2 class/cluster]
[ 12.48466452   7.33618902  -0.94645402] [5 class/cluster]
[  5.17340446   6.09405307  12.85641267] [3 class/cluster]
[-9.42475609  7.93257904 -0.72422164] [1 class/cluster]
[ 6.20335783  3.62176887  2.49429182] [0 class/cluster]
[-6.72241036  3.45605544  5.48165677] [4 class/cluster]
[ 5.44702318  2.70434699 -2.13807887] [0 class/cluster]
[-9.44340342  2.19052577 -1.14683589] [1 class/cluster]
[-7.89163434  6.30336597  4.17542668] [4 class/cluster]
[ 2.50925049  5.75654529  7.093889  ] [0 class/cluster]
[  3.23676943  10.04147053   6.68247135] [0 class/cluster]
[  4.75852336   3.00822725  12.89010377] [3 class/cluster]
[-9.34218435  1.45614942 -2.34346464] [1 class/cluster]
[  2.55156381   7.15644312 -10.90996254] [2 class/cluster]
[  3.36261919  10.35883919  -4.22415914] [0 class/cluster]
[-8.0696857   4.84663896  3.90059262] [4 class/cluster]
[ 6.36945923  9.38373692  0.97643459] [0 class/cluster]
[ 1.44351942  5.89349462  7.47109651] [0 class/cluster]
[ 3.29344748  4.07797072  6.56112019] [0 class/cluster]
[-4.90546433  0.4573666   7.01530492] [4 class/cluster]
[ -9.47160939  10.24838829  -0.02827773] [1 class/cluster]
[-4.16711929  6.44245618 -9.64128615] [1 class/cluster]
[  5.14985858   0.33359753 -10.27067104] [2 class/cluster]
[ 11.29344846   7.60892297   6.38788189] [3 class/cluster]
[ 11.76782042   2.67132309  -3.60738447] [5 class/cluster]
[-7.48060661  0.71548369 -6.94526827] [1 class/cluster]
[ 5.94378712  4.818706   -1.43832682] [0 class/cluster]
[-9.35507521  4.33610144 -2.24215156] [1 class/cluster]
[ 9.76693796  3.4764019  -6.91211826] [2 class/cluster]
[ 3.26007026  0.19949295 -4.25295896] [0 class/cluster]
[ 8.95331226  2.38185659  9.99791545] [3 class/cluster]
[ -0.28950604   0.62752717 -10.88087461] [2 class/cluster]
[-7.36778082  9.70988821  4.78151371] [4 class/cluster]
[-8.38471426  4.6701161   3.36208428] [4 class/cluster]
[ -1.82315644   4.82430121 -10.64007534] [2 class/cluster]
[ 7.90348736  8.34010639 -8.67001988] [2 class/cluster]
[  3.06411042   9.32712999 -10.87501452] [2 class/cluster]
[ 2.5162152   7.98047908 -4.56835597] [0 class/cluster]
[-9.40943514  6.19460859  0.23819894] [1 class/cluster]
[-8.30657186  1.390717    3.51172374] [4 class/cluster]
[ 9.82247552  6.41980206 -6.9577058 ] [2 class/cluster]
[ 11.4609328    8.91842262  -4.08946744] [2 class/cluster]
[ 7.90753226  2.86436863 -8.63123774] [2 class/cluster]
[ 6.29878039  5.03773704  1.88358731] [0 class/cluster]
[ 4.54549841  8.18170831 -3.3515232 ] [0 class/cluster]
[ 2.947556    6.59000741 -4.42955011] [0 class/cluster]
[ 6.30124316  1.58271283  1.82940637] [0 class/cluster]
[ 3.29011783  9.44133089 -4.24855611] [0 class/cluster]
[-7.99028814  2.8513885  -6.28148321] [1 class/cluster]
[-9.35834661  7.02721374 -2.93144515] [1 class/cluster]
[-9.14413981  0.88619928 -3.64782246] [1 class/cluster]
[-5.51154547  7.24808029  6.49005994] [4 class/cluster]
[-8.72019829  4.91273166 -4.49171169] [1 class/cluster]
[ 1.47248887  8.3639056   7.39182045] [0 class/cluster]
[-4.85825237  0.46566223  6.89516296] [4 class/cluster]
[ 6.09511772  8.88162916  2.89785356] [0 class/cluster]
[ 0.9070858   5.21037914 -4.84419123] [0 class/cluster]
[-4.72642921  8.48124288  7.05583543] [4 class/cluster]
[-5.49693932  9.01296186  6.48802457] [4 class/cluster]
[ 0.5771356   9.1878664   7.81136971] [0 class/cluster]
[ 1.5035116   1.17403963  7.46168618] [0 class/cluster]
[-8.82768119  7.19949    -4.43778239] [1 class/cluster]
[-6.78689519  6.90442525 -7.68840325] [1 class/cluster]
[-7.80650451  4.92447222  4.3573071 ] [4 class/cluster]
[ 6.07201027  9.79428518  2.77645895] [0 class/cluster]
[ 0.12970507  6.93282901 -4.75382217] [0 class/cluster]
[ 0.63851028  1.78588665 -4.83205013] [0 class/cluster]
[-4.16776866  6.52558892  7.26294558] [4 class/cluster]
[ 0.82608146  9.2524741  -4.80292208] [0 class/cluster]
[ -1.5788608   10.02192752 -10.68792727] [1 class/cluster]
[ 1.09019741  0.84968377  7.55868947] [0 class/cluster]
[ 3.91478238  0.62835231 -3.92221178] [0 class/cluster]
[-5.95333606  1.77782742  6.12932305] [4 class/cluster]
[-9.19853789  4.3363865  -3.12568093] [1 class/cluster]
[-4.55175504  7.31283756  7.11860516] [4 class/cluster]
[ 2.75784861  6.8027675   6.86584939] [0 class/cluster]
[ 12.39800065   4.75079907  -1.17160091] [5 class/cluster]
[ 0.23848836  3.90658779 -4.86179161] [0 class/cluster]
[ 12.24851618   4.24359392   4.23316082] [5 class/cluster]
[ 11.62275178   2.12178787  -3.81964118] [5 class/cluster]
[ 0.36578569  9.58694752 -4.88127257] [0 class/cluster]
[-8.91394139  3.85029595  2.18918569] [4 class/cluster]
[-7.22992034  6.81694732 -7.04882686] [1 class/cluster]
[ 11.23542579  10.1709209    6.78648496] [3 class/cluster]
[-7.79579503  9.97528542  4.29177737] [4 class/cluster]
[ 4.85317368  1.97125678  5.0323646 ] [0 class/cluster]
[ 10.90617316   7.9885567   -5.43634396] [2 class/cluster]
[ 1.37547035  3.15429529 -4.84386146] [0 class/cluster]
[ 11.97464952   5.76027707  -2.69629453] [2 class/cluster]
[ 8.56037204  8.71420446 -8.24257426] [2 class/cluster]
[  1.79320174   4.21007038  13.88063299] [3 class/cluster]
[ 8.17315512  2.52333702 -8.50429123] [2 class/cluster]
[-8.89041048  1.31468912  2.14790238] [4 class/cluster]
[ -0.25093659   3.1281374  -10.90917631] [2 class/cluster]
[-9.27366413  0.47420735  1.36273873] [4 class/cluster]
[ 2.83615399  9.24488795 -4.41016756] [0 class/cluster]
[ 1.43410979  4.75000442  7.55814103] [0 class/cluster]
[ 9.35356313  6.18012809  9.48341702] [3 class/cluster]
[ 1.31544049  2.3857168  -4.74633063] [0 class/cluster]
[ 0.02305429  3.22939652  7.91427263] [0 class/cluster]
[  3.95077864   1.35356397  13.30683911] [3 class/cluster]
[ 12.23451994   8.55203451  -1.80573244] [5 class/cluster]
[-8.81706181  3.79448622  2.6021152 ] [4 class/cluster]
[ 4.6482384  3.9739138 -3.150393 ] [0 class/cluster]
[ 6.16181276  0.85431607  2.51877317] [0 class/cluster]
[ 10.59481481   9.00185166   7.88179235] [3 class/cluster]
[  3.68643213   5.91088754 -10.67235573] [2 class/cluster]
[ 0.30755618  1.16291441 -4.73408321] [0 class/cluster]
[-9.49315223  6.50180243 -0.44455934] [1 class/cluster]
[ 3.91789978  5.09194846  6.16560718] [0 class/cluster]
[ 2.77429669  2.20354689  6.96439707] [0 class/cluster]
[-9.1289825   1.97036552 -3.77847706] [1 class/cluster]
[ 6.04582826  2.89836317 -1.05814934] [0 class/cluster]
[-5.02495562  9.62312597 -9.23569406] [1 class/cluster]
[  4.74509492   0.82722183 -10.4288748 ] [2 class/cluster]
[ 10.55024647   8.64885094  -5.79425318] [2 class/cluster]
[ 7.05478237  7.73918998 -9.28761879] [2 class/cluster]
[-8.54627191  3.39716818 -4.98094351] [1 class/cluster]
[-9.46346154  9.54450594  0.03680469] [1 class/cluster]
[ 8.64487282  4.15173745 -8.0560801 ] [2 class/cluster]
[  0.13938531   3.27825135 -11.02474047] [2 class/cluster]
[-0.70211684  7.57640437  7.84787716] [4 class/cluster]
[ 4.57188857  6.6715023  -3.32058905] [0 class/cluster]
[ 8.22004016  4.74369158 -8.41363616] [2 class/cluster]
[ 12.65154094   5.58497811   0.54936995] [5 class/cluster]
[  0.20105996   1.12679737 -11.05392563] [2 class/cluster]
[ 6.40769131  3.12329553  0.62284034] [0 class/cluster]
[ 4.37422228  0.84214875  5.73641942] [0 class/cluster]
[ 2.60504683  3.46715288  7.12195515] [0 class/cluster]
[ -9.22229693  10.39880613  -3.58947351] [1 class/cluster]
[  7.65118414   7.35668786  11.28579089] [3 class/cluster]
[ 5.71945496  9.79989255  3.87837543] [0 class/cluster]
[ 6.45992761  1.08283958 -9.60200375] [2 class/cluster]
[-7.09195909  6.72373974  5.2689943 ] [4 class/cluster]
[ 1.15127607  1.78894617  7.63688094] [0 class/cluster]
[-9.27073523  2.51579133 -2.96026379] [1 class/cluster]
[  6.08038517  10.30749381  -9.81285863] [2 class/cluster]
[ 5.63513558  2.96098272  3.82128305] [0 class/cluster]
[ 6.37608751  4.03460689  1.43703896] [0 class/cluster]
[ 2.98907716  3.93763884 -4.45185099] [0 class/cluster]
[ 6.08909829 -0.0108081   2.79369749] [0 class/cluster]
[ 6.30740212  9.60472122  0.45501567] [0 class/cluster]
[  4.98863588  10.37184327   5.00218354] [0 class/cluster]
[ -1.39131945   9.51912504 -10.69785395] [1 class/cluster]
[ 10.88002775   3.91722625   7.15897294] [3 class/cluster]
[ -2.82667353   6.30477777 -10.44108587] [1 class/cluster]
[ 5.87310411  9.19888979 -1.34111177] [0 class/cluster]
[ 3.1805227   3.74616646 -4.24661536] [0 class/cluster]
[ 9.13633056  8.88741743 -7.43716806] [2 class/cluster]
[ 5.72103677  5.87754075  3.74551577] [0 class/cluster]
[-4.70945308  7.87146032 -9.37726871] [1 class/cluster]
[  4.86257077   0.94934668  12.85753486] [3 class/cluster]
[-7.91638434  2.22146649 -6.28875337] [1 class/cluster]
[-8.67432181  5.01174595 -4.91005162] [1 class/cluster]
[ 4.86693109  2.66134343  5.15012908] [0 class/cluster]
[-5.61790021  6.16097575  6.50165496] [4 class/cluster]
[  2.68977271   6.7976071  -10.86378181] [2 class/cluster]
[-7.25311865  1.40033363 -7.31330144] [1 class/cluster]
[ 4.20723549  5.9030614   5.9099597 ] [0 class/cluster]
[-0.60342193  9.77493348  7.88010413] [0 class/cluster]
[ 3.36265193  1.56623255  6.56739273] [0 class/cluster]
[-6.25517877  6.35580957 -8.18442745] [1 class/cluster]
[ 2.09445096  0.33715805  7.24907281] [0 class/cluster]
[ 9.17394284  1.31748216 -7.56719701] [2 class/cluster]
[-5.39484468  2.44947363 -8.98184258] [1 class/cluster]
[  5.01774034   3.91124231 -10.21903963] [2 class/cluster]
[ 2.13260481  6.63983952  7.28179695] [0 class/cluster]
[-7.69002814  9.46347186  4.35631356] [4 class/cluster]
[ 5.90873686  3.23500138  3.43380203] [0 class/cluster]
[-6.01459104  8.04569982  6.09344214] [4 class/cluster]
[ 3.6865024   7.96520478  6.33208083] [0 class/cluster]
[-6.95708737  1.4789009   5.21695123] [4 class/cluster]
[  1.87733434   5.70529923  13.89357735] [3 class/cluster]
[-9.39305969  6.32770937  0.63609782] [1 class/cluster]
[  3.27311282   1.75483251 -10.76098949] [2 class/cluster]
[ 6.24423324  6.79760376 -0.71767067] [0 class/cluster]
[ 9.94611348  1.63932364  8.86735126] [3 class/cluster]
[  4.05049083   1.02246416 -10.68433094] [2 class/cluster]
[ 4.6241439   1.24217802  5.40617335] [0 class/cluster]
[ 3.94215798  3.23292556 -3.86514268] [0 class/cluster]
[ 3.11836421  1.52385827 -4.30299457] [0 class/cluster]
[-6.60602229  7.24640952 -7.85208489] [1 class/cluster]
[ 1.68111885  1.69593749  7.5007597 ] [0 class/cluster]
[ 12.2480145    6.91380581   4.14823519] [5 class/cluster]
[ 11.44241994  10.24202702   6.16498677] [3 class/cluster]
[-6.84337246  9.3338938  -7.67666211] [1 class/cluster]
[ 4.46824521  4.27966358 -3.30585495] [0 class/cluster]
[ 8.59990233  7.30798918 -8.13984263] [2 class/cluster]
[-8.80367753  4.50513384 -4.34093293] [1 class/cluster]
[ 9.39820896  7.29500205 -7.05904087] [2 class/cluster]
[ 0.07151002  8.32578139 -4.68937147] [0 class/cluster]
[  1.95977373   0.5764563   13.85747507] [3 class/cluster]
[-8.2546152   7.41670821 -5.69855973] [1 class/cluster]
[  5.20662495   7.7284293   12.73845511] [3 class/cluster]
[ 0.88599251  9.27621191 -4.7437093 ] [0 class/cluster]
[-0.40196867  5.13981325  7.91272705] [0 class/cluster]
[-9.24917467  6.22398218 -3.20388525] [1 class/cluster]
[-4.22978292  3.58206111  7.24806889] [4 class/cluster]
[  1.51267277   4.03903934 -10.95149427] [2 class/cluster]
[ 5.9879848   5.15279059 -1.21014153] [0 class/cluster]
[ 0.04764     9.7691846  -4.68548914] [0 class/cluster]
[ -5.77594959  10.00609995   6.31162549] [4 class/cluster]
[  0.54004467   0.85664478 -11.09271869] [2 class/cluster]
[ -8.44523068  10.1614302    3.1823851 ] [4 class/cluster]
[-9.06518771  3.66575223 -3.52378453] [1 class/cluster]
[  1.04787603   9.920816    14.05574631] [3 class/cluster]
[-9.30949699  4.40649435 -2.17771239] [1 class/cluster]
[ 5.85441822  0.33646793 -1.49780565] [0 class/cluster]
[  0.30554525   2.6502289   14.11683914] [3 class/cluster]
[ 5.51136333  3.39752437  4.04592685] [0 class/cluster]
[-6.26808929  1.33062489 -8.34100988] [1 class/cluster]
[-8.78928867  6.10111973  2.374832  ] [4 class/cluster]
[ 1.60784887  4.8131074  -4.67414408] [0 class/cluster]
[-9.44139136  8.91470536 -1.6052033 ] [1 class/cluster]
[  8.81609109   0.91204164  10.15364801] [3 class/cluster]
[ 4.24790961  5.35577589 -3.60722506] [0 class/cluster]
[-7.37705136  5.99676794  5.06988669] [4 class/cluster]
[ 3.22264611  8.31256272 -4.18371804] [0 class/cluster]
[-7.94983877  9.60301796 -6.28034188] [1 class/cluster]
[ 1.85254132  2.74426624  7.33385725] [0 class/cluster]
[ 11.58854248   3.13070387   6.08438769] [3 class/cluster]
[-8.73123226  9.3244109   2.72020102] [4 class/cluster]
[ 5.71995883  0.75359522 -1.74222614] [0 class/cluster]
[ 0.10478092  3.07712846 -4.75637141] [0 class/cluster]
[-6.68868563  4.57877737  5.55410151] [4 class/cluster]
[ 6.4893092   3.03492454 -9.62357587] [2 class/cluster]
[-6.94164137  1.82795916  5.42080541] [4 class/cluster]
[ 5.53296578  1.75922678 -1.96195902] [0 class/cluster]
[  8.62968228   3.2113253   10.27644597] [3 class/cluster]
[ -2.09390852   6.04921366 -10.52626498] [2 class/cluster]
[ 0.55562097  3.83835911  7.73493126] [0 class/cluster]
[  1.35216773   9.93326788  13.97416346] [3 class/cluster]
[  4.24992002  10.18333581   5.92072541] [0 class/cluster]
[ -6.13834288  10.20114001  -8.34723037] [1 class/cluster]
[-9.47822759  7.20899678 -0.41627804] [1 class/cluster]
[  3.85941808   7.64123823 -10.72484246] [2 class/cluster]
[-9.47614158  0.55605605 -1.55767176] [1 class/cluster]
[ 4.10829123  5.47607237 -3.72994985] [0 class/cluster]
[-8.27137355  3.85653043  3.58181857] [4 class/cluster]
[-6.1772325   5.5489539  -8.31305866] [1 class/cluster]
[ 7.93336344  7.62703244 -8.7077524 ] [2 class/cluster]
[ 11.45881938   5.72162908   6.27457919] [3 class/cluster]
[-9.35424723  1.84217644 -2.34847793] [1 class/cluster]
[ 12.64907428   7.53123133   1.09968165] [5 class/cluster]
[ 5.92654092  4.41906627 -1.50890089] [0 class/cluster]
[-9.41591916  9.75732568 -2.43611243] [1 class/cluster]
[ 6.75996176  6.32377368 -9.38280221] [2 class/cluster]
[  2.16829598   8.13666605 -11.07564672] [2 class/cluster]
[-2.25108146  0.03621388  7.91600586] [4 class/cluster]
[ 12.27298075  10.41113722  -1.78745849] [5 class/cluster]
[ 5.95840192  3.4936345  -1.15421763] [0 class/cluster]
[  6.52317344   1.07315427  12.02875429] [3 class/cluster]
[  3.15761334  10.34476217   6.72545969] [0 class/cluster]
[-2.22497052  3.98342398  7.77425921] [4 class/cluster]
[ 9.83749246  5.16456     8.95884967] [3 class/cluster]
[-7.34953814  5.76340613  4.99446567] [4 class/cluster]
[ 5.80857417  9.67421297  3.40849203] [0 class/cluster]
[ -1.63465327   2.50376567 -10.80189283] [2 class/cluster]
[ 11.89274731   1.32006245   5.09057806] [5 class/cluster]
[-9.39605124  9.06947694 -2.50842869] [1 class/cluster]
[-9.20553054  3.79427276  1.18508851] [4 class/cluster]
[ 6.37702053  5.06882847  0.85905949] [0 class/cluster]
[-7.76794289  4.49915579 -6.4600326 ] [1 class/cluster]
[ 11.32169209   4.8997337    6.57491765] [3 class/cluster]
[ 6.26291806  2.05427447 -0.2865978 ] [0 class/cluster]
[ 5.81863035  3.09611696  3.55840827] [0 class/cluster]
[ 11.59158069   3.1358686   -3.82061986] [5 class/cluster]
[ 11.49328188  10.31905365   6.18678819] [3 class/cluster]
[ -1.63037958   2.52583314 -10.76508748] [2 class/cluster]
[ 6.92067784  2.1449988  -9.35619158] [2 class/cluster]
[ 12.3064112    6.88743419   3.51944331] [5 class/cluster]
[ 0.3888962   8.54278889  7.77657332] [0 class/cluster]
[-4.00460955  4.05719027 -9.80771825] [1 class/cluster]
[ 4.15877945  1.4746834  -3.76353008] [0 class/cluster]
[ 4.87783319  8.21722968 -2.99646567] [0 class/cluster]
[ 5.46907709  3.73232455 -2.4037169 ] [0 class/cluster]
[ 4.27381308  5.03564944  5.81234736] [0 class/cluster]
