0.28005947 -1.8935744
1.15466883 0.04156839
-2.01804188 -1.07785476
-0.18885926 0.49318365
0.37098901 -1.50984324
0.24629553 -0.86231017
1.28044171 0.00687639
0.43068795 1.26990435
1.60815643 0.11496232
-0.66942324 -0.05075353
1.13157397 -2.40556005
3.16323595 2.33652795
-0.94904572 -2.79422927
2.23029068 2.20237985
1.8644362 0.25783498
0.24453727 -2.20120152
-1.03068447 3.06449286
-0.63019835 1.46278226
-0.66996489 1.22594433
-0.14761094 -1.35811408
-0.0431295 -1.85707819
2.14526217 -0.65350556
-2.29868672 0.27607535
2.57886519 -1.79550055
2.12663592 -0.07993151
-2.22662166 -0.03255385
-1.65855297 -1.51423397
-2.9518041 -1.65989173
-0.72882982 -1.80149689
1.192729 -0.30356133
1.83135106 -0.51202732
-0.76853845 1.35548179
2.22138496 -1.19284183
1.69622405 -1.07392467
0.57768518 -0.89528597
-1.36555109 -0.06190746
1.15925047 -2.95854896
0.95067593 -0.7609664
0.8640503 2.13689136
-3.36417382 -0.97966582
-0.76517847 1.13215341
0.50196755 2.92953205
0.22181648 0.73677496
1.06751686 -0.22239586
-1.75787086 -1.05008409
1.61407937 1.92220667
0.88945934 2.02017271
1.77083696 -0.75683178
1.73242401 -1.3752224
0.61184581 -1.059928
-0.04552456 -2.08485606
0.19659034 0.31045022
1.77325298 -0.18388064
0.59682305 2.22244507
-0.37518448 -0.49900777
0.260437 2.5430146
0.60055097 1.37005589
0.63840072 0.06458514
-3.00421572 -0.62312348
0.41077101 -1.44846501
1.50232824 -1.862267
2.09830354 -1.13783918
1.29823817 2.3263859
1.09920486 0.57629897
1.87096178 -1.87797062
0.49034782 0.5619257
-2.60183605 -1.88718094
0.61267318 0.69769725
1.73035179 0.10457847
1.85683061 0.34897441
1.17742614 0.59821906
-0.4465347 1.80029795
-0.15618243 1.7811981
-0.83607143 -0.90367864
2.49448454 -1.06998503
-0.03148246 -2.42999126
-0.61726757 -1.03424228
-0.98776802 0.56925961
1.03863055 -0.6567151
1.37642553 -0.09940079
-1.47003288 -1.21673147
-0.50130973 0.04797216
0.69098703 -0.67600381
1.23914558 0.39789626
-0.97893798 -0.90054554
0.64656825 -0.61647419
0.69952121 -1.35502873
3.26975462 -0.45436567
-1.03576807 1.38074535
0.59876529 -1.80008248
-2.17762896 -2.1401963
-0.13900819 -2.21440138
0.51975796 -1.52325094
-0.44657789 -2.58268564
-0.00432271 -1.99819173
-0.70627019 2.9507754
0.53315445 -0.41690611
2.40454551 -0.85355923
0.64600609 -0.37495129
-1.84832052 -1.32566947
-1.11477532 -0.69124876
-0.27689951 -0.97538787
-0.69166875 -2.37808347
-1.89740093 0.31247037
1.82455722 -0.46882163
0.22487056 -0.93514389
0.24350647 -0.69848594
0.97567388 0.26196909
-1.01114561 -0.9885011
-0.63880731 -1.73331281
1.83265074 -0.67293379
1.59690648 -1.98728669
-0.10473973 0.37496407
0.9148844 -1.56430103
-1.59140267 0.12441918
1.21717963 -0.92178882
0.59277075 -1.25857263
-0.14600043 -0.95293391
-0.48124596 -2.27255814
-0.03424284 1.68159452
0.48907382 -0.22527168
1.43554616 -1.59922428
1.62523145 -0.60205766
0.96425727 -0.66398426
0.30795015 2.53637705
1.10490717 -0.86608708
-0.39487992 -0.10444401
-0.76041724 -1.36980117
2.64850401 -2.55001419
-3.30348954e-04 6.73985707e-01
-1.21694957 -0.55460675
1.69845715 1.00377089
-1.22425893 -1.30224973
-0.36516288 0.94709864
0.21737084 0.8896107
0.37497261 -1.39039269
3.52636824 0.76992139
0.2005776 -0.75921249
1.62251914 -1.63119194
1.16066119 -1.95264495
-0.02746421 1.13386825
0.60477102 -0.15942052
0.10453344 1.3869025
-0.49276105 -1.1162297
1.12691209 1.40198936
1.4804245 -1.96818606
0.186404 -1.52164151
-2.50239657 -2.77766695
0.55907737 0.7196445
1.87583276 0.88489253
-1.24133779 -1.87819034
0.03440989 -1.99621264
2.60852216 -1.56157875
0.70835801 -2.74102281
0.98431789 1.16092817
-2.35978073 -1.04140081
-0.45668811 -0.56095704
2.51999486 2.71958931
0.68911383 1.09740017
-0.16514984 1.90082649
-1.07466798 -0.74128356
0.86711942 0.70220912
-0.41012018 -1.36385881
-1.45130304 -0.73431203
2.77465856 -1.39315319
-1.68729904 -1.11747455
2.64813493 1.16422776
-0.54079701 1.06326199
2.66925081 -0.69801079
-1.27643285 -1.25957698
-2.00683175 0.68157672
1.84163126 0.75054142
0.96668072 -2.5308035
1.66638308 0.53928021
0.09123675 0.57568238
-1.44816536 -1.64933793
1.94725197 0.84498991
0.63530646 1.15670386
-0.95486598 1.33962481
0.74404233 -1.34804638
-0.64524231 -0.38311345
1.60711167 -2.04817041
-1.52157968 -2.18468659
-0.10947755 -1.5475181
1.44103291 -0.82120713
1.22805333 -0.79852005
1.11679102 -2.6108784
-1.31197611 -1.8402904
1.66596715 -3.53455446
-1.55298982 1.6536186
2.53277921 2.46935877
-1.05746952 -1.39121705
1.28431452 -0.58459937
0.89678115 1.4105985
2.0685094 0.5466142
-0.34841309 0.26498333
1.01879179 -1.59377745
-1.66005632 -0.82418105
-0.68283937 -0.47995939
0.72432947 0.29027203
-3.23960406 -0.59850094
1.9214084 -0.53918552
-0.96939818 -1.06964158
1.53420117 -0.6821149
-1.8517292 0.8227236
-1.01188032 -0.41029639
-1.8022028 -2.18842442
-1.34745065 -1.58126848
-0.89236189 -1.17781314
1.26902407 -0.47508214
0.32753955 0.64044684
0.38737426 -1.82282832
-0.84306955 0.522026
2.02122474 -0.29130473
0.40268393 0.76207827
0.18685372 -0.7262826
1.13191176 -2.98056559
-0.1796782 0.35994854
1.8091803 -2.19809288
1.33890413 3.02104356
1.43480796 -0.45990554
-0.05908239 -0.59479592
-2.37075998 -0.13434708
-0.77615644 -0.67037702
1.92085882 1.31872765
1.51283646 -1.32631846
-1.72904466 -0.8034426
-0.54751091 -0.90210385
0.83178578 -0.6220899
0.39616045 -2.14955406
1.94942081 1.08755124
1.77067305 -1.13043973
1.75399147 0.06531549
1.76877064 -1.42132759
0.04285253 -2.34842432
1.06749226 -0.98366192
3.3039167 -0.06001582
1.55596268 -0.10752611
1.50538694 -0.64075084
2.73887268 1.99439439
-0.1046166 -1.03093626
0.32566734 1.03183056
-1.65646367 -3.83455451
1.87938994 -0.36457547
1.8005648 1.07826018
-0.43599146 -2.2845523
1.82158571 1.00529265
-0.07075262 2.05445173
0.95429604 1.22050766
0.36415392 1.67643329
1.96676801 -0.49193209
-0.77439135 -0.5502879
1.77416061 -1.77445897
-1.24201983 0.51826117
-1.60065756 0.55224318
0.83778155 -0.23056982
2.18802979 1.31694261
-1.10169727 -0.98072062
1.28634369 1.60884383
1.15494743 1.37816252
-0.80814393 -0.58866576
-1.370704 -1.9456158
-1.93278904 0.24331938
-0.49026539 0.49613964
-0.5019476 -1.02619224
1.46313033 1.27909576
-1.392389 -4.04614305
0.03043827 -3.04732361
-0.47095476 -0.57737138
-1.65792609 -0.03111736
1.21496559 -0.90278077
-0.17312341 2.94362119
-0.78651995 -2.20857365
1.25280351 -1.40801471
2.36453185 0.31055082
-0.75589058 1.45093446
2.29614987 -0.38354069
1.70411102 -2.49567952
0.98297959 1.37915174
0.3477064 0.47881069
-1.49610233 -1.07480498
1.67229476 1.40746184
0.58772825 -1.40345918
-0.10438334 1.05216508
0.28598401 -2.5069984
1.76103773 1.12167502
0.45050145 -2.09857073
-1.65917224 1.60631952
0.71099479 -2.99863948
0.84397611 0.04909319
2.48825219 2.89588918
-0.67513038 -0.00288202
0.97181777 1.42833187
-1.02342311 0.07919473
1.68981816 2.30184623
1.92379656 -1.13256801
-2.94570308 -1.91278349
-0.05753188 -1.26759475
-1.20289684 -1.10988278
0.02759711 0.34622107
1.85792392 2.14110187
2.15233156 2.07961859
2.66060756 -2.41660348
-1.91911344 -0.80724615
-1.53527016 -0.97459479
1.09772497 1.58295368
0.40134606 -0.11589699
-0.04525337 2.21114529
0.13877431 2.91006495
2.51332808 1.55313206
0.58638102 0.25254519
-0.5829384 1.61037938
0.32646164 -1.96460642
1.370825 1.14206181
0.69088556 0.76653334
-0.88485213 -1.37914756
-1.66771272 0.68192174
0.87175803 -1.27177157
0.4229835 -0.60391342
-0.54621809 -2.82974041
1.86896349 1.27687191
-0.06325754 0.41232771
0.12920285 0.42115034
1.42258037 -0.45251943
-0.30061952 -2.06122229
0.41117206 -0.21419617
0.20947698 -1.90730012
2.11730532 -1.5189002
-0.94842506 -0.13272337
1.93612915 -0.3216199
-0.32353927 -1.38200896
0.02179059 -1.55254067
-1.38687085 -1.51029274
0.83024171 -1.13413278
2.95591231 1.39009332
-0.72439933 0.43504939
-1.79228666 -1.53160591
2.80813181 -0.56336153
1.52327666 0.82845367
-1.13190864 -0.59523819
0.9383736 0.89269472
0.8016011 -0.9058077
1.64331447 -0.57062341
0.92688035 -2.29737966
-1.05858655 -1.31754309
-1.76211451 -1.88778014
1.46566244 -0.53624369
0.73226646 -0.12801133
1.33822547 -0.34821874
-0.53161477 0.735879
1.31943183 -1.13777921
-1.14357951 -1.38202545
1.09837791 -0.61858375
0.59870219 -1.3166553
-0.53383357 -1.37024244
0.61512019 1.09435159
-0.93627981 1.1887786
-1.28862004 1.25148442
1.78632796 0.5335809
0.05555374 0.58995031
2.4333525 -0.58160199
-1.9301565 -1.17858909
1.40665709 0.20169786
0.51675046 -0.99742882
3.32079984 -0.88290913
-0.12682581 0.26932225
1.56729028 0.7773249
0.54591964 -0.91404803
0.18663574 -0.46642433
-2.13980246 -0.21504248
-1.76570219 -0.44421304
1.16155927 0.56340475
-2.64296529 -1.4060718
1.14404357 2.45427351
-0.42279491 0.92232476
-1.4246633 -1.8299646
1.54077359 -2.81807763
-2.82425666 -0.6963961
-0.92541359 -2.07709907
1.54261078 -0.28406111
1.11255753 -1.65554503
1.42625873 1.67690804
-1.25556423 -0.02250684
-1.10434349 -1.98800194
1.2799246 0.90184961
-0.28001627 -2.10290621
1.25099812 0.05475793
0.13973755 -0.6716987
1.49720039 -3.24532165
1.45741561 0.03538799
-2.42191987 0.99795608
-2.40596292 -1.59005765
-0.71309551 -3.32059428
-0.22730516 -2.66159829
-0.31590741 0.5384154
1.27451636 0.10908492
-0.15735526 0.68770775
1.75194659 -0.43701028
1.08753147 -0.06125312
0.3277827 -1.10128149
1.1666735 1.63503144
0.51975097 -0.06389245
0.18620552 -2.44911761
0.01184243 -1.65795104
2.92294203 2.48051479
0.86629844 2.07774381
0.21763303 -0.37488134
0.37191244 0.51897288
-0.81607451 -1.38548976
1.20827498 1.97663904
0.1813786 -1.63190376
1.95008842 0.84864279
1.19145087 -0.1194888
-2.46173269 -1.68343977
-0.32942955 -1.7075057
0.10028434 0.29802197
2.03909644 -0.52090478
0.3159891 2.6595508
0.87959336 -2.47931598
1.41409135 -1.50723446
1.44386323 1.33367433
2.38526155 -1.30309825
1.93184837 1.33996498
0.08717777 2.11701629
-1.74969034 -0.96719125
-1.78866925 0.09463837
1.39036494 0.58853069
0.70816264 0.23850779
-1.50535832 -1.81579154
1.01406015 -1.30676578
0.01448926 -0.47183501
0.68844747 1.05616534
1.24676602 0.52595756
0.73199663 1.8024564
0.56484645 2.84926373
-1.34624945 -1.79463632
-0.64718339 -1.15277442
0.4971833 3.41245368
1.23986711 -0.84104133
1.74718833 -0.18894496
2.12859406 1.49600095
-0.96023327 -2.56699471
1.94304609 -1.73967717
-0.52310163 -0.85155042
1.20669051 -0.46895749
0.48935596 -0.47869625
0.80934651 0.60515049
-1.09460307 1.12372191
0.55123299 -2.74418776
3.45122972 -1.21120598
-0.63415121 0.29782527
-1.37514712 -2.22619619
-1.21954103 -2.08403662
1.39904635 -1.77259276
0.86989305 1.09395323
1.92950511 1.58222459
-2.21793851 -1.30496364
1.53659652 -0.59530454
1.04575852 0.81281615
-3.58279663 -2.15395036
0.36256297 0.60272819
-0.70326683 -0.17001384
-1.85258585 -0.97704024
-1.53248992 -0.35494473
1.97873798 3.2408932
-1.05535255 -1.26393735
0.69921612 -1.66060859
0.72317701 0.12390531
-0.06360146 -1.52564059
-1.66772029 -0.6730374
-0.2446043 -0.13259259
2.04502338 -0.40096047
-0.98965069 -0.27996624
-1.91800477 -0.74750337
-2.63263453 -2.56776772
-1.93898157 0.01702099
1.88518754 0.47376482
2.8219151 -1.07565047
1.52326174 -1.53758337
2.73272119 1.68450111
0.31216239 -0.2140774
1.49374178 0.88389606
2.8831507 -0.34775906
-2.7423562 -2.30324275
1.40262553 -2.775888
2.60026782 -1.18883478
0.22722812 -0.1179434
0.79309632 1.88017891
0.43356015 -1.30769128
1.3563664 1.70657317
0.65930766 -2.26317291
1.14195316 0.68067158
-0.01482591 -1.60233185
1.98531751 -0.23308033
-0.55180472 0.69618157
-0.22543552 1.84436298
0.32501405 -0.79466744
0.08137603 -1.63137599
-0.38807281 -2.34149673
2.0996596 1.65526373
-0.75788204 -1.88872026
-0.6324551 -0.80968844
2.49407907 0.79484174
-1.09038201 0.36759724
1.34816924 -0.33674191
-1.8174931 -2.40134729
1.72909056 1.12898291
-0.8049303 -2.78156286
-0.47105638 -0.75385221
2.13940068 -0.23482582
0.96073201 -1.94893281
-1.80314139 -1.46433769
1.001471 -1.76670485
1.96004774 -1.41649908
-1.93274091 -2.26306835
-1.11048941 -2.66069981
-0.51888487 1.75935511
-0.31771734 -0.45899178
0.65208785 1.15634897
0.93175839 2.71334272
0.12083937 -1.23110161
-0.42406091 0.50668012
0.66789772 -1.7214313
1.15650654 1.23218104
0.90154748 0.33652171
-1.64718143 -0.52775285
-1.69632665 -1.2903971
1.01125668 -1.04459543
0.59405827 -0.2756315
0.5444675 1.01747916
-0.14746865 0.56217996
0.91406923 1.19429294
0.53250683 -1.8624933
1.3595044 -1.14456682
-1.13105401 0.13307988
-0.8166608 0.67094303
-2.17915793 0.30142807
2.63159743 -0.62224083
0.58252265 -2.09749665
-1.99461286 -0.11906244
1.73165893 -1.06548838
-2.68823003 -1.11246598
-0.0393066 0.32906285
0.48248096 0.02117014
0.40368596 0.9474327
-1.85897239 -1.89894216
3.38314477 1.94447949
-1.26164545 -1.18224478
1.19286396 -2.15701728
-1.85654931 -2.5415874
-0.25279536 1.77749036
2.71230522 -1.79211502
2.17877957 0.82007516
2.31913688 0.11758118
-2.0326431 -1.43674834
0.81494633 0.19235151
1.77140595 2.02943883
1.45730965 -0.03765826
0.02889543 1.3148172
1.01050002 2.78587049
2.76126613 -0.24590434
2.51875934 -2.17116046
-2.15347390e-04 -5.44771097e-01
-1.77735915 0.15173397
0.03949562 0.20688264
-0.04855297 -0.42001794
-1.5075176 -2.0518801
-1.34796186 -2.35338886
0.29529972 1.94326072
0.45713852 1.41605005
0.47738058 0.04297759
1.76449745 -1.26837274
0.54235941 -0.62818892
-0.69810582 1.38728048
0.48919486 -0.18063218
0.84233298 3.2567235
2.76405235 1.40015721
2.32435875 -1.17220079
-3.36958691 -0.1359477
-1.55430963 -1.47063766
-1.49901664 -0.97864878
0.20008638 -1.22007578
-1.80562651 -2.11831192
0.044055 0.65401822
1.5785215 1.34965446
0.10363028 -2.96273201
-1.11505602 0.40536544
1.64013153 -0.61695604
0.75498615 -1.13298842
-0.44642106 -1.45235028
1.28601253 -0.0214327
-1.54571197 -2.88458584
1.33053274 -1.14527446
0.54417465 0.42615875
-0.59358451 -1.1931767
-0.05462846 1.82024784
0.28039561 0.18700701
-0.37304255 -2.06774201
0.0781973 -3.55918467
1.22425222 -2.67868836
2.86755799 0.02272212
-0.29285691 1.26705087
-0.49125759 1.4393917
1.20727075 -0.69226743
4.17097477 -0.81050036
0.52034419 1.6203583
-2.27968917 -1.5854312
0.84959125 -1.21416666
-1.22247701 -1.85891991
-1.22260568 -1.91307922
-1.0148577 -0.17859406
3.25930895 0.95774285
1.91017891 1.31721822
-0.19498681 -1.50040967
-0.24425971 -1.53913264
1.0253856 -0.38960824
1.69377315 0.84042656
-1.40630313 -1.86404499
-1.45380404 -0.59673546
1.59442459 -1.40403229
0.67343902 -1.00820988
1.56845892 -1.33281176
-2.68121822 -1.88897136
-0.13648034 -1.80475374
1.34664703 -2.27916111
0.37444296 -0.00786317
-0.52956686 -0.68855293
1.05517135 -0.70102254
1.52389102 1.08842209
2.58482053 -0.35203221
0.21969559 -0.7288872
-0.9913721 -0.47299579
1.06651722 1.3024719
1.52106488 0.42421203
-0.30652685 2.65813068
-1.38464542 -1.44383609
-1.94748859 -0.75555654
1.60270766 -1.59464977
1.76666318 1.35629282
1.57659082 0.79170124
2.39251845 0.03758567
1.22246316 -1.08837552
-2.34792542 -1.76157339
2.61805427 -1.82440912
1.77179055 1.82350415
1.03308975 -1.85416126
-0.18732596 -0.41274062
2.01566528 -0.29895866
2.04008625 -0.83535619
-0.30957098 -0.20332789
-1.67802578 0.29784579
0.93794687 0.25916713
1.04949498 1.49383678
2.30866875 -1.02579856
0.09270164 1.0519454
0.93836195 -2.43273549
1.42091828 -0.75339781
0.53640403 1.48148147
-0.33425847 -0.34671751
-0.25259334 -1.58632003
-0.77260722 -2.01673865
-0.58249448 1.24360189
0.56081048 1.18133843
0.25524518 0.17356146
1.3130677 0.14590426
1.81451982 1.05892559
-0.78049044 -0.60693707
0.11221425 -0.98079647
1.96055722 -0.77415952
-0.96299428 -0.23209759
1.39600671 -0.09306151
-2.6324233 -1.06713415
0.36567791 0.63725883
0.96071718 -0.1680935
1.54012303 1.29046707
0.27440262 -0.38336396
-2.33221165 -2.96862469
-2.55042935 -0.58268118
0.59844246 -1.46847604
-1.83767804 -1.5911831
0.63081816 0.76062082
0.06211977 -0.56689205
-0.83002855 -1.69583512
-0.71572033 0.74266878
0.79305529 -1.67809546
-0.270485 1.96939671
-1.53270279 0.09074973
0.95782855 0.71311281
2.90506364 -1.01477722
0.09634685 -1.2342158
1.28912051 -0.58712918
1.38909397 0.17104106
0.30543214 0.85036546
0.3563816 -1.22340315
0.26507784 -0.78850299
0.53068926 -0.12430432
1.1993002 0.94939646
0.67506504 -1.71130636
-0.80203271 0.08193522
0.23008393 1.53924919
-1.70492135 -0.32002516
3.14957453 -1.09024385
2.86755896 1.90604466
0.53113581 -1.20144129
1.40234164 0.31518991
2.26741165 -0.50050177
1.67746217 -0.94817961
0.15418403 -0.82749558
0.08034931 1.64293572
0.8265361 -1.51002954
1.1474344 -1.97746488
-1.01640663 0.46054537
0.65021782 1.02347195
1.69153875 1.69474914
0.02893549 -1.07228701
-0.64821989 -0.62076447
0.40134483 -1.41038179
2.46657872 1.85255194
-1.06727561 -2.31839587
0.34759142 0.60904662
-0.61389785 0.78725972
-0.06355427 -1.03509518
-0.0695915 -1.1753164
0.23585608 -0.43779147
-1.36505522 -2.79132755
-0.77441834 0.38914532
1.20984948 -2.2406246
-2.02993528 -1.34994336
-0.63551875 0.47132196
1.86259601 -1.65561909
0.88183595 0.3198218
-1.05613302 -1.00138504
-1.94436849 -0.76189685
-0.94010532 -1.21252304
-2.4449402 -2.21054299